1 1 563 478 630 573 67 95
2 1 100 256 170 319 70 63
3 1 575 139 668 240 93 101
4 1 753 382 843 484 90 102
5 1 313 648 415 764 102 116
6 1 434 674 527 787 93 113
7 1 227 106 268 155 41 49
8 1 318 126 370 185 52 59
9 1 445 88 516 168 71 80
10 1 363 336 438 420 75 84
11 1 455 331 529 415 74 84
12 1 68 316 170 411 102 95
13 1 69 423 180 525 111 102
14 1 401 596 443 636 42 40
15 1 606 138 668 199 62 61
16 1 278 546 361 630 83 84
17 1 362 476 434 545 72 69
18 1 361 315 457 411 96 96
19 1 574 199 666 293 92 94
20 1 208 361 272 418 64 57
21 1 234 429 289 481 55 52
22 1 322 473 376 540 54 67
23 1 313 631 384 697 71 66
24 1 167 184 232 241 65 57
25 1 423 146 456 174 33 28
26 1 652 73 694 123 42 50
27 1 726 223 786 289 60 66
28 1 627 508 680 560 53 52
29 1 556 519 606 579 50 60
30 1 537 163 587 209 50 46
31 1 332 686 376 735 44 49
32 1 55 9 168 114 113 105
33 1 79 133 160 203 81 70
34 1 72 230 163 320 91 90
35 1 61 325 166 427 105 102
36 1 65 437 169 536 104 99
37 1 287 74 380 168 93 94
38 1 280 191 386 296 106 105
39 1 283 321 390 423 107 102
40 1 285 435 390 540 105 105
41 1 474 211 578 312 104 101
42 1 562 60 668 158 106 98
43 1 564 332 668 424 104 92
44 1 567 437 665 531 98 94
45 1 117 111 218 204 101 93
46 1 112 217 212 309 100 92
47 1 111 319 226 419 115 100
48 1 464 195 584 295 120 100
49 1 706 48 808 144 102 96
50 1 720 153 842 253 122 100
51 1 734 250 851 361 117 111
52 1 752 366 861 472 109 106
53 1 52 515 152 594 100 79
54 1 233 393 312 452 79 59
55 1 258 472 333 529 75 57
56 1 272 546 368 622 96 76
57 1 175 109 258 187 83 78
58 1 463 9 543 93 80 84
59 1 521 124 618 197 97 73
60 1 451 229 535 311 84 82
61 1 773 352 856 425 83 73
62 1 891 282 973 370 82 88
63 3 387 382 443 429 56 47
64 3 403 437 459 478 56 41
65 3 423 489 475 527 52 38
66 3 466 355 530 403 64 48
67 3 490 417 555 467 65 50
68 3 523 324 588 374 65 50
69 3 548 384 614 437 66 53
70 3 615 291 673 332 58 41
71 3 634 343 693 383 59 40
72 3 654 389 711 435 57 46
73 1 59 332 152 420 93 88
74 1 69 427 172 514 103 87
75 1 88 532 180 614 92 82
76 1 226 211 338 302 112 91
77 1 378 23 458 98 80 75
78 1 108 60 192 154 84 94
79 1 204 58 313 160 109 102
80 1 327 46 432 151 105 105
81 1 444 69 543 169 99 100
82 1 556 91 651 181 95 90
83 1 658 67 765 172 107 105
84 1 792 81 882 172 90 91
85 1 903 57 1032 180 129 123
86 1 1035 70 1140 184 105 114
87 1 1146 78 1251 181 105 103
88 1 48 222 160 321 112 99
89 1 106 493 207 577 101 84
90 1 103 607 220 703 117 96
91 1 106 727 205 814 99 87
92 3 780 470 835 528 55 58
93 3 815 520 870 570 55 50
94 3 730 500 790 558 60 58
95 3 760 550 815 604 55 54
96 3 660 545 706 590 46 45
97 3 690 592 736 638 46 46
98 3 618 572 664 615 46 43
99 3 650 620 692 665 42 45
100 3 578 600 620 641 42 41
101 3 606 646 650 690 44 44
102 3 488 485 528 520 40 35
103 3 470 450 500 485 30 35
104 1 31 137 88 211 57 74
105 1 168 139 222 204 54 65
106 1 228 131 309 212 81 81
107 1 325 140 385 201 60 61
108 1 517 116 585 186 68 70
109 1 760 114 830 183 70 69
110 1 1023 98 1079 161 56 63
111 1 1008 12 1086 64 78 52
112 1 36 302 99 378 63 76
113 1 254 286 323 360 69 74
114 1 345 284 401 355 56 71
115 1 542 268 610 344 68 76
116 1 633 262 702 337 69 75
117 1 732 334 797 400 65 66
118 1 882 369 961 426 79 57
119 1 988 250 1055 324 67 74
120 1 1069 241 1137 322 68 81
121 1 50 725 97 771 47 46
122 1 360 481 410 539 50 58
123 1 520 369 565 421 45 52
124 1 571 330 617 381 46 51
125 1 561 620 611 682 50 62
126 1 58 155 104 215 46 60
127 1 191 150 248 212 57 62
128 1 258 119 319 190 61 71
129 1 475 120 521 178 46 58
130 1 523 92 600 167 77 75
131 1 608 105 655 162 47 57
132 1 662 72 749 159 87 87
133 1 772 54 867 144 95 90
134 1 891 77 971 153 80 76
135 1 875 299 950 354 75 55
136 1 39 120 108 197 69 77
137 1 135 114 207 189 72 75
138 1 218 113 286 178 68 65
139 1 298 110 366 188 68 78
140 1 382 113 449 187 67 74
141 1 597 101 669 175 72 74
142 1 774 97 844 166 70 69
143 1 938 83 1002 157 64 74
144 1 965 31 1047 94 82 63
145 1 82 488 150 544 68 56
146 1 165 461 234 535 69 74
147 1 244 450 325 549 81 99
148 1 349 456 432 550 83 94
149 1 462 446 543 544 81 98
150 1 595 439 682 530 87 91
151 1 695 440 780 535 85 95
152 1 805 435 887 530 82 95
153 1 907 419 1007 532 100 113
154 1 1014 432 1068 487 54 55
155 1 478 214 546 290 68 76
156 1 475 350 544 398 69 48
157 1 92 454 197 550 105 96
158 1 400 19 508 131 108 112
159 1 374 344 486 460 112 116
160 1 375 481 457 560 82 79
161 1 540 374 619 434 79 60
162 1 541 495 651 613 110 118
163 1 665 326 740 418 75 92
164 1 815 390 869 475 54 85
165 1 902 400 959 480 57 80
166 1 92 178 154 233 62 55
167 1 191 180 240 235 49 55
168 1 261 182 320 236 59 54
169 1 404 184 454 232 50 48
170 1 563 184 623 236 60 52
171 1 633 186 697 239 64 53
172 1 774 183 831 232 57 49
173 1 61 349 121 406 60 57
174 1 219 347 283 406 64 59
175 1 563 378 628 446 65 68
176 1 657 362 703 423 46 61
177 1 740 353 788 417 48 64
178 1 920 345 981 409 61 64
179 1 167 74 240 162 73 88
180 1 265 86 344 175 79 89
181 1 68 440 141 520 73 80
182 1 149 413 224 491 75 78
183 1 254 407 326 483 72 76
184 1 353 410 438 500 85 90
185 1 453 412 537 503 84 91
186 1 707 422 788 516 81 94
187 1 810 434 883 511 73 77
188 1 21 258 97 333 76 75
189 1 109 216 180 288 71 72
190 1 209 262 281 346 72 84
191 1 297 219 368 288 71 69
192 1 436 258 507 347 71 89
193 1 508 229 582 294 74 65
194 1 613 279 691 357 78 78
195 1 682 232 757 300 75 68
196 1 796 282 874 352 78 70
197 1 861 235 934 302 73 67
198 1 975 285 1056 364 81 79
199 1 1038 243 1107 311 69 68
200 1 105 43 198 132 93 89
201 1 99 176 191 266 92 90
202 1 90 289 182 377 92 88
203 1 368 35 450 115 82 80
204 1 291 326 389 412 98 86
205 1 342 424 429 513 87 89
206 1 341 520 425 603 84 83
207 1 32 290 82 353 50 63
208 1 199 229 246 281 47 52
209 1 252 180 303 240 51 60
210 1 367 102 410 149 43 47
211 1 548 257 597 317 49 60
212 1 456 281 533 375 77 94
213 1 168 507 244 598 76 91
214 1 106 606 154 666 48 60
215 1 80 42 177 127 97 85
216 1 66 224 159 306 93 82
217 1 62 312 156 394 94 82
218 1 245 29 314 112 69 83
219 1 244 121 328 208 84 87
220 1 240 217 337 301 97 84
221 1 242 312 311 396 69 84
222 1 245 410 339 492 94 82
223 1 241 505 336 587 95 82
224 1 480 406 564 492 84 86
225 1 478 511 562 590 84 79
226 1 714 13 780 98 66 85
227 1 713 109 793 193 80 84
228 1 710 302 792 386 82 84
229 1 711 412 793 497 82 85
230 1 939 112 1023 194 84 82
231 1 938 206 1025 288 87 82
232 1 934 300 1023 385 89 85
233 1 932 501 1018 592 86 91
234 1 100 107 182 179 82 72
235 1 98 208 188 278 90 70
236 1 106 312 179 381 73 69
237 1 83 405 190 503 107 98
238 1 370 185 441 250 71 65
239 1 359 260 448 333 89 73
240 1 300 17 405 112 105 95
241 1 201 80 292 171 91 91
242 1 115 173 205 267 90 94
243 1 149 366 215 442 66 76
244 1 235 338 328 431 93 93
245 1 341 300 440 397 99 97
246 1 453 269 546 371 93 102
247 1 564 253 657 355 93 102
248 1 685 243 788 345 103 102
249 1 155 550 233 639 78 89
250 1 344 522 410 603 66 81
251 1 445 532 539 640 94 108
252 1 563 524 673 642 110 118
253 1 697 490 795 613 98 123
254 1 816 478 905 573 89 95
255 1 933 456 1017 556 84 100
256 1 74 61 152 167 78 106
257 1 70 248 156 333 86 85
258 1 74 441 182 537 108 96
259 1 256 53 337 145 81 92
260 1 332 175 423 262 91 87
261 1 321 263 429 351 108 88
262 1 337 354 422 440 85 86
263 1 350 534 437 620 87 86
264 1 626 95 709 169 83 74
265 1 624 169 706 258 82 89
266 1 635 331 743 432 108 101
267 1 774 28 851 122 77 94
268 1 847 229 956 321 109 92
269 1 858 404 966 490 108 86
270 1 38 118 150 193 112 75
271 1 23 485 120 555 97 70
272 1 474 125 565 195 91 70
273 1 450 178 549 248 99 70
274 1 473 336 565 410 92 74
275 1 454 400 551 463 97 63
276 1 454 503 552 572 98 69
277 1 472 556 565 627 93 71
278 1 938 31 1033 105 95 74
279 1 38 256 120 343 82 87
280 1 202 266 287 355 85 89
281 1 341 237 430 347 89 110
282 1 483 223 571 320 88 97
283 1 624 196 713 315 89 119
284 1 771 194 855 294 84 100
285 1 913 182 999 276 86 94
286 1 275 124 347 186 72 62
287 1 315 193 385 255 70 62
288 1 339 284 407 343 68 59
289 1 341 379 420 445 79 66
290 1 351 467 428 533 77 66
291 1 619 145 693 218 74 73
292 1 625 236 699 308 74 72
293 1 104 29 200 107 96 78
294 1 99 122 198 200 99 78
295 1 99 216 192 294 93 78
296 1 113 318 192 374 79 56
297 1 108 408 195 476 87 68
298 1 102 489 197 573 95 84
299 1 99 584 197 666 98 82
300 1 305 6 396 95 91 89
301 1 303 135 387 210 84 75
302 1 300 267 386 341 86 74
303 1 296 369 392 455 96 86
304 1 297 479 392 563 95 84
305 1 306 585 393 666 87 81
306 1 540 12 633 87 93 75
307 1 542 125 629 201 87 76
308 1 540 252 630 336 90 84
309 1 468 384 561 473 93 89
310 1 537 491 632 569 95 78
311 1 539 582 635 657 96 75
312 1 746 132 819 189 73 57
313 1 264 92 368 189 104 97
314 1 585 113 646 172 61 59
315 1 642 518 702 574 60 56
316 1 651 647 709 702 58 55
317 1 83 84 159 144 76 60
318 1 38 177 152 266 114 89
319 1 41 290 159 380 118 90
320 1 66 414 129 480 63 66
321 1 23 486 102 543 79 57
322 1 17 567 102 626 85 59
323 1 344 32 419 90 75 58
324 1 324 113 408 172 84 59
325 1 335 195 423 255 88 60
326 1 314 342 392 406 78 64
327 1 290 429 383 491 93 62
328 1 336 510 425 570 89 60
329 1 233 564 290 647 57 83
330 1 348 579 426 663 78 84
331 1 744 90 819 144 75 54
332 1 737 168 807 222 70 54
333 1 723 245 800 296 77 51
334 1 681 312 750 383 69 71
335 1 699 398 785 459 86 61
336 1 693 537 770 599 77 62
337 1 695 624 770 692 75 68
338 1 780 633 852 687 72 54
339 1 989 12 1074 77 85 65
340 1 954 99 1043 156 89 57
341 1 1001 165 1085 222 84 57
342 1 1008 246 1085 320 77 74
343 1 950 357 1058 417 108 60
344 1 1008 437 1101 494 93 57
345 1 1023 519 1094 578 71 59
346 1 1025 620 1088 699 63 79
347 1 1121 225 1187 312 66 87
348 1 118 65 229 146 111 81
349 1 142 173 215 232 73 59
350 1 28 223 135 344 107 121
351 1 312 40 394 101 82 61
352 1 321 122 398 179 77 57
353 1 347 297 418 358 71 61
354 1 186 479 258 542 72 63
355 1 584 531 660 595 76 64
356 1 79 286 142 342 63 56
357 1 159 284 211 354 52 70
358 1 230 270 291 337 61 67
359 1 308 271 367 344 59 73
360 1 464 262 524 324 60 62
361 1 507 201 578 263 71 62
362 1 623 81 689 134 66 53
363 1 652 12 729 79 77 67
364 1 56 525 109 579 53 54
365 1 200 548 264 613 64 65
366 1 360 588 415 628 55 40
367 1 696 296 768 353 72 57
368 1 756 231 818 299 62 68
369 1 1020 398 1085 471 65 73
370 1 50 69 129 136 79 67
371 1 65 249 159 341 94 92
372 1 183 278 232 335 49 57
373 1 260 258 350 354 90 96
374 1 365 251 431 302 66 51
375 1 407 149 495 228 88 79
376 1 523 70 611 174 88 104
377 1 634 94 688 166 54 72
378 1 708 105 761 165 53 60
379 1 793 93 866 192 73 99
380 1 886 103 938 171 52 68
381 1 960 106 1013 182 53 76
382 1 60 496 140 585 80 89
383 1 150 479 230 573 80 94
384 1 254 489 332 575 78 86
385 1 362 563 417 603 55 40
386 1 695 318 749 377 54 59
387 1 762 322 811 382 49 60
388 1 830 324 874 383 44 59
389 1 890 329 938 382 48 53
390 1 692 526 738 572 46 46
391 1 816 533 868 576 52 43
392 1 44 100 154 173 110 73
393 1 49 221 160 303 111 82
394 1 72 355 165 423 93 68
395 1 348 205 442 279 94 74
396 1 366 461 459 528 93 67
397 1 610 61 698 120 88 59
398 1 621 187 701 243 80 56
399 1 641 319 709 372 68 53
400 1 641 413 715 469 74 56
401 1 54 63 126 128 72 65
402 1 54 228 125 293 71 65
403 1 51 399 122 463 71 64
404 1 50 486 135 552 85 66
405 1 285 155 367 204 82 49
406 1 291 346 355 387 64 41
407 1 279 413 359 462 80 49
408 1 310 504 370 549 60 45
409 1 387 234 444 316 57 82
410 1 478 89 532 167 54 78
411 1 553 294 640 341 87 47
412 1 573 361 639 406 66 45
413 1 589 426 651 470 62 44
414 1 817 173 884 240 67 67
415 1 817 308 873 348 56 40
416 1 807 374 869 413 62 39
417 1 837 503 890 552 53 49
418 1 920 496 968 554 48 58
419 1 278 478 324 512 46 34
420 1 133 719 188 784 55 65
421 1 253 729 324 793 71 64
422 1 226 662 301 728 75 66
423 1 260 606 314 676 54 70
424 1 319 585 381 658 62 73
425 1 492 604 570 707 78 103
426 1 618 656 691 719 73 63
427 1 605 736 678 801 73 65
428 1 141 333 209 393 68 60
429 1 228 350 297 409 69 59
430 1 77 461 150 528 73 67
431 1 168 477 242 545 74 68
432 1 20 557 90 616 70 59
433 1 343 511 416 578 73 67
434 1 361 622 414 711 53 89
435 1 435 636 488 722 53 86
436 1 528 653 573 718 45 65
437 1 597 428 642 485 45 57
438 1 662 437 701 491 39 54
439 1 824 565 900 629 76 64
440 1 66 300 154 380 88 80
441 1 436 302 474 345 38 43
442 1 550 142 589 198 39 56
443 1 529 229 567 273 38 44
444 1 570 238 608 280 38 42
445 1 782 445 865 526 83 81
446 1 759 559 845 631 86 72
447 1 757 626 829 694 72 68
448 1 83 632 176 708 93 76
449 1 527 66 595 115 68 49
450 1 357 521 433 590 76 69
451 1 846 394 938 503 92 109
452 1 199 452 251 500 52 48
453 1 396 93 430 125 34 32
454 1 362 191 419 253 57 62
455 1 437 253 465 289 28 36
456 1 250 544 285 580 35 36
457 1 192 599 263 665 71 66
458 1 141 660 194 711 53 51
459 1 263 390 352 498 89 108
460 1 371 433 445 526 74 93
461 1 496 371 587 471 91 100
462 1 695 512 791 629 96 117
463 1 207 676 293 757 86 81
464 3 486 98 533 145 47 47
465 3 509 153 556 202 47 49
466 3 541 74 590 122 49 48
467 3 566 128 613 179 47 51
468 3 602 53 645 97 43 44
469 3 626 109 671 154 45 45
470 3 658 30 704 74 46 44
471 3 681 84 727 132 46 48
472 1 222 363 274 421 52 58
473 1 362 272 410 314 48 42
474 1 498 170 559 231 61 61
475 1 466 479 495 511 29 32
476 1 539 673 592 734 53 61
477 1 768 237 809 282 41 45
478 1 787 296 831 340 44 44
479 1 208 540 268 595 60 55
480 1 441 501 472 530 31 29
481 1 565 288 618 339 53 51
482 1 651 430 689 479 38 49
483 1 719 575 775 645 56 70
484 1 158 371 209 436 51 65
485 1 348 311 393 359 45 48
486 1 634 412 679 467 45 55
487 1 615 636 660 678 45 42
488 1 159 315 234 387 75 72
489 1 486 435 533 479 47 44
490 1 726 435 803 508 77 73
491 1 791 512 878 595 87 83
492 1 135 82 197 148 62 66
493 1 202 94 263 160 61 66
494 1 270 102 335 168 65 66
495 1 44 503 80 538 36 35
496 1 583 449 650 510 67 61
497 1 720 87 792 161 72 74
498 1 748 21 813 85 65 64
499 1 369 518 401 552 32 34
500 1 401 396 457 447 56 51
501 1 678 75 719 117 41 42
502 1 691 309 729 352 38 43
503 1 745 291 789 336 44 45
504 1 800 277 843 322 43 45
505 1 164 95 240 168 76 73
506 1 512 474 578 567 66 93
507 4 827 204 906 289 79 85
508 4 811 482 892 568 81 86
509 4 254 386 321 461 67 75
510 5 640 51 677 110 37 59
511 5 644 107 680 165 36 58
512 5 646 170 684 224 38 54
513 5 650 225 682 281 32 56
514 5 653 282 688 334 35 52
515 5 657 338 688 393 31 55
516 4 864 118 924 185 60 67
517 4 825 495 906 583 81 88
518 4 583 233 687 343 104 110
519 5 490 395 585 481 95 86
520 6 471 446 574 528 103 82
521 4 903 79 996 176 93 97
522 4 104 470 167 541 63 71
523 5 36 611 68 667 32 56
524 5 68 611 98 667 30 56
525 5 98 611 128 667 30 56
526 5 128 611 159 667 31 56
527 4 504 19 569 63 65 44
528 4 602 106 670 158 68 52
529 4 568 505 648 576 80 71
530 4 494 274 565 356 71 82
531 4 773 73 864 175 91 102
532 4 884 164 983 262 99 98
533 4 346 121 419 170 73 49
534 4 315 178 381 235 66 57
535 4 323 300 389 357 66 57
536 4 215 401 285 464 70 63
537 4 182 472 252 529 70 57
538 4 294 73 399 181 105 108
539 4 271 448 379 561 108 113
540 5 54 26 104 95 50 69
541 5 54 100 104 173 50 73
542 5 60 176 105 249 45 73
543 5 65 254 109 329 44 75
544 4 341 285 430 380 89 95
545 4 535 417 618 503 83 86
546 6 186 254 320 390 134 136
547 4 61 255 133 330 72 75
548 4 387 205 460 286 73 81
549 4 327 345 399 422 72 77
550 4 197 406 261 475 64 69
551 4 844 315 906 381 62 66
552 4 941 508 1016 585 75 77
553 4 232 207 315 296 83 89
554 4 589 92 673 181 84 89
555 4 505 300 581 383 76 83
556 4 387 449 456 520 69 71
557 4 577 553 645 623 68 70
558 4 769 353 846 435 77 82
559 4 327 256 429 365 102 109
560 4 78 38 161 127 83 89
561 4 293 143 379 230 86 87
562 4 202 288 285 376 83 88
563 4 859 392 943 484 84 92
564 4 898 592 984 680 86 88
565 4 96 321 211 400 115 79
566 4 349 225 467 302 118 77
567 4 594 337 667 386 73 49
568 4 49 37 110 98 61 61
569 4 165 82 238 162 73 80
570 4 587 409 651 471 64 62
571 4 716 481 765 530 49 49
572 4 622 599 686 665 64 66
573 4 923 44 1013 130 90 86
574 4 302 248 402 348 100 100
575 4 161 100 259 197 98 97
576 4 737 144 830 236 93 92
577 4 490 273 586 365 96 92
578 4 299 455 394 548 95 93
579 4 426 315 535 422 109 107
580 4 442 267 572 380 130 113
581 4 143 184 216 264 73 80
582 4 770 366 886 506 116 140
583 4 224 45 331 105 107 60
584 4 226 217 312 275 86 58
585 4 182 396 265 460 83 64
586 4 393 296 466 353 73 57
587 4 530 252 632 370 102 118
588 4 313 165 417 235 104 70
589 4 465 179 532 229 67 50
590 4 467 278 534 331 67 53
591 4 355 288 412 330 57 42
592 4 529 154 628 260 99 106
593 4 309 246 402 353 93 107
594 5 710 274 777 374 67 100
595 5 758 297 821 391 63 94
596 6 344 46 461 102 117 56
597 4 383 203 480 317 97 114
598 6 410 113 494 177 84 64
599 4 528 239 615 338 87 99
600 7 80 38 312 403 232 365
601 4 397 188 467 256 70 68
602 4 772 310 867 401 95 91
603 4 426 167 525 277 99 110
604 4 577 121 660 204 83 83
605 4 782 169 874 270 92 101
606 4 719 363 790 437 71 74
607 4 373 548 472 651 99 103
608 4 210 538 312 649 102 111
609 4 534 550 601 619 67 69
610 4 720 111 821 230 101 119
611 7 97 247 467 439 370 192
612 6 21 173 117 298 96 125
613 6 130 183 223 297 93 114
614 6 19 206 154 360 135 154
615 6 147 185 278 346 131 161
616 6 219 190 418 388 199 198
617 6 329 227 536 439 207 212
618 6 7 182 138 290 131 108
619 6 43 222 179 336 136 114
620 6 80 265 220 384 140 119
621 5 288 83 401 126 113 43
622 5 291 132 405 179 114 47
623 6 106 86 183 189 77 103
624 6 180 84 258 186 78 102
625 6 103 232 242 324 139 92
626 6 75 300 207 394 132 94
627 5 151 133 218 216 67 83
628 5 212 144 271 230 59 86
629 6 263 387 358 444 95 57
630 6 321 225 431 278 110 53
631 6 551 194 665 271 114 77
632 6 528 242 645 323 117 81
633 5 491 306 553 397 62 91
634 5 549 326 612 417 63 91
635 5 433 418 509 510 76 92
636 5 494 439 569 534 75 95
637 6 107 307 261 378 154 71
638 6 101 384 250 459 149 75
639 5 505 167 590 267 85 100
640 5 571 151 653 249 82 98
641 5 632 134 720 232 88 98
642 5 692 124 778 215 86 91
643 5 753 107 840 196 87 89
644 5 810 95 904 184 94 89
645 6 419 319 528 446 109 127
646 5 199 348 275 467 76 119
647 5 287 349 362 470 75 121
648 6 177 110 267 214 90 104
649 5 538 316 621 439 83 123
650 5 619 317 707 438 88 121
651 6 162 222 281 319 119 97
652 6 206 257 322 354 116 97
653 6 348 297 469 367 121 70
654 6 366 350 495 436 129 86
655 6 66 121 172 173 106 52
656 6 182 127 284 180 102 53
657 6 271 125 376 182 105 57
658 6 261 187 376 245 115 58
659 5 249 280 308 381 59 101
660 5 313 278 369 380 56 102
661 6 160 245 339 401 179 156
662 6 79 345 160 445 81 100
663 6 129 306 223 409 94 103
664 6 187 275 285 372 98 97
665 6 554 355 651 415 97 60
666 6 688 309 786 371 98 62
667 6 342 421 477 509 135 88
668 6 37 401 133 466 96 65
669 6 304 142 423 205 119 63
670 6 317 208 399 310 82 102
671 6 227 113 344 206 117 93
672 6 157 178 281 271 124 93
673 9 114 248 271 436 157 188
674 9 423 166 578 387 155 221
675 9 859 74 990 222 131 148
676 9 123 305 264 390 141 85
677 9 198 203 296 292 98 89
678 9 256 49 385 166 129 117
679 9 272 188 426 265 154 77
680 9 353 130 509 340 156 210
681 9 340 186 600 312 260 126
682 9 240 154 440 247 200 93
683 9 182 126 462 274 280 148
684 9 87 219 308 421 221 202
685 9 365 251 681 507 316 256
686 9 674 186 860 313 186 127
687 9 289 227 488 328 199 101
688 9 241 221 493 418 252 197
689 9 124 174 244 378 120 204
690 9 247 169 447 292 200 123
691 9 136 122 345 266 209 144
692 9 355 287 479 437 124 150
693 9 367 180 486 442 119 262
694 9 196 100 378 343 182 243
695 9 244 150 440 392 196 242
696 9 306 182 439 278 133 96
697 9 208 91 348 266 140 175
698 9 597 276 701 432 104 156
699 9 21 206 206 406 185 200
700 9 513 259 647 400 134 141
701 9 913 165 1094 287 181 122
702 9 347 206 508 292 161 86
703 9 175 85 368 145 193 60
704 9 528 356 671 450 143 94
705 7 148 173 307 395 159 222
706 7 510 156 635 331 125 175
707 4 468 313 544 373 76 60
708 7 424 75 598 279 174 204
709 5 243 338 306 391 63 53
710 5 273 355 342 413 69 58
711 5 303 372 370 432 67 60
712 5 335 387 399 448 64 61
713 5 384 415 455 480 71 65
714 5 417 435 482 494 65 59
715 7 392 67 713 406 321 339
716 4 158 46 231 105 73 59
717 5 225 479 271 553 46 74
718 5 268 487 310 555 42 68
719 7 253 95 544 459 291 364
720 7 9 197 404 374 395 177
721 7 293 69 665 194 372 125
722 5 427 330 494 381 67 51
723 7 228 56 580 346 352 290
724 5 556 346 628 391 72 45
725 7 248 166 508 389 260 223
726 7 181 140 476 271 295 131
727 7 323 142 567 396 244 254
728 7 633 81 781 382 148 301
729 7 189 96 420 361 231 265
730 7 188 107 385 400 197 293
731 7 365 110 582 400 217 290
732 7 276 138 575 437 299 299
733 7 335 34 638 452 303 418
734 5 383 476 422 556 39 80
735 5 427 482 468 561 41 79
736 5 484 485 524 565 40 80
737 5 530 490 571 568 41 78
738 7 288 145 468 434 180 289
739 7 192 222 523 375 331 153
740 7 170 157 434 420 264 263
741 7 283 207 504 488 221 281
742 5 372 488 418 543 46 55
743 5 409 506 447 551 38 45
744 5 432 441 469 487 37 46
745 5 460 451 499 496 39 45
746 4 537 163 619 229 82 66
747 4 504 270 581 325 77 55
748 7 220 105 617 410 397 305
749 5 134 210 168 271 34 61
750 5 176 210 215 272 39 62
751 7 192 85 393 324 201 239
752 7 114 98 279 367 165 269
753 6 396 91 443 143 47 52
754 5 423 409 463 463 40 54
755 7 166 145 441 343 275 198
756 4 325 362 412 431 87 69
757 4 511 429 591 485 80 56
758 4 553 275 608 321 55 46
759 4 519 5 594 63 75 58
760 7 191 113 475 338 284 225
761 7 137 160 430 423 293 263
762 5 576 384 625 428 49 44
763 5 605 401 652 450 47 49
764 5 633 414 677 474 44 60
765 5 662 436 711 496 49 60
766 5 694 456 740 515 46 59
767 5 721 474 764 531 43 57
768 5 630 321 672 371 42 50
769 5 659 335 695 387 36 52
770 5 682 351 727 409 45 58
771 5 709 368 756 427 47 59
772 5 741 391 786 446 45 55
773 5 770 409 811 463 41 54
774 4 809 282 988 392 179 110
775 7 317 210 556 495 239 285
776 4 232 366 326 431 94 65
777 4 422 124 486 163 64 39
778 4 505 193 562 231 57 38
779 7 60 200 336 438 276 238
780 7 201 114 471 249 270 135
781 4 307 263 388 313 81 50
782 4 173 432 258 485 85 53
783 7 133 91 333 351 200 260
784 7 449 27 621 254 172 227
785 7 320 205 585 545 265 340
786 5 280 430 335 509 55 79
787 5 307 480 367 552 60 72
788 5 341 519 392 599 51 80
789 4 202 44 271 93 69 49
790 4 304 113 378 165 74 52
791 7 299 85 682 426 383 341
792 5 100 288 153 351 53 63
793 5 135 305 183 362 48 57
794 5 144 225 200 279 56 54
795 5 182 239 233 291 51 52
796 6 184 179 262 234 78 55
797 6 196 150 284 204 88 54
798 7 491 128 754 515 263 387
799 5 156 191 219 248 63 57
800 5 187 218 235 270 48 52
801 5 212 236 259 284 47 48
802 5 234 256 289 308 55 52
803 4 336 26 457 95 121 69
804 4 238 401 327 468 89 67
805 4 797 305 874 372 77 67
806 7 339 144 706 438 367 294
807 7 133 46 360 410 227 364
808 5 542 357 580 431 38 74
809 5 579 362 616 434 37 72
810 5 616 365 653 436 37 71
811 5 650 367 689 439 39 72
812 4 385 100 478 178 93 78
813 4 329 349 407 421 78 72
814 4 646 232 729 302 83 70
815 7 346 149 693 455 347 306
816 4 270 116 370 183 100 67
817 4 729 269 803 321 74 52
818 7 170 145 548 362 378 217
819 5 556 186 600 242 44 56
820 5 587 184 633 240 46 56
821 5 488 129 529 184 41 55
822 5 517 127 556 182 39 55
823 5 546 127 584 178 38 51
824 5 571 125 611 175 40 50
825 5 507 74 548 124 41 50
826 5 536 72 577 120 41 48
827 4 354 23 439 84 85 61
828 7 91 74 250 312 159 238
829 5 412 127 466 164 54 37
830 5 466 153 523 190 57 37
831 5 425 108 479 144 54 36
832 5 478 130 533 167 55 37
833 4 324 330 420 404 96 74
834 7 417 111 578 367 161 256
835 4 383 54 460 118 77 64
836 4 566 349 649 426 83 77
837 4 595 165 651 213 56 48
838 4 113 134 171 180 58 46
839 4 194 37 250 81 56 44
840 7 110 36 419 320 309 284
841 5 104 247 159 301 55 54
842 5 127 262 176 316 49 54
843 5 143 280 197 336 54 56
844 5 167 298 219 346 52 48
845 5 186 313 243 365 57 52
846 6 69 216 136 286 67 70
847 7 100 196 390 345 290 149
848 4 33 195 99 245 66 50
849 4 493 189 585 255 92 66
850 7 45 165 324 453 279 288
851 4 213 79 300 137 87 58
852 7 39 166 457 413 418 247
853 5 492 275 569 322 77 47
854 5 485 308 555 351 70 43
855 5 475 338 546 382 71 44
856 5 462 369 536 414 74 45
857 5 449 400 524 445 75 45
858 4 609 6 708 88 99 82
859 4 598 468 694 549 96 81
860 4 920 47 1001 106 81 59
861 4 953 433 1076 539 123 106
862 7 417 36 665 385 248 349
863 5 400 412 441 483 41 71
864 5 443 412 482 483 39 71
865 5 482 410 523 482 41 72
866 5 521 407 562 481 41 74
867 5 560 409 602 479 42 70
868 5 603 409 642 480 39 71
869 5 640 408 686 478 46 70
870 8 301 128 424 244 123 116
871 8 451 145 616 242 165 97
872 8 416 223 561 309 145 86
873 8 394 299 529 382 135 83
874 8 647 236 828 343 181 107
875 8 593 303 778 411 185 108
876 8 335 31 438 75 103 44
877 8 438 37 567 79 129 42
878 8 319 94 442 138 123 44
879 8 438 75 595 128 157 53
880 8 306 169 437 212 131 43
881 8 450 154 644 199 194 45
882 8 307 238 462 280 155 42
883 8 510 232 634 281 124 49
884 8 333 317 555 347 222 30
885 8 415 372 565 408 150 36
886 8 661 233 730 303 69 70
887 8 566 370 627 452 61 82
888 8 254 70 334 226 80 156
889 8 331 95 416 245 85 150
890 8 420 130 492 260 72 130
891 8 119 12 246 143 127 131
892 8 217 38 331 172 114 134
893 8 287 82 396 213 109 131
894 8 363 124 483 271 120 147
895 8 466 181 549 307 83 126
896 8 532 218 613 344 81 126
897 8 601 253 698 393 97 140
898 8 31 44 126 164 95 120
899 8 90 74 197 203 107 129
900 8 157 110 274 247 117 137
901 8 257 158 355 288 98 130
902 8 303 215 398 343 95 128
903 8 231 17 390 96 159 79
904 8 260 70 415 166 155 96
905 8 297 122 450 218 153 96
906 8 333 178 491 265 158 87
907 8 362 232 522 323 160 91
908 8 396 284 551 387 155 103
909 8 435 344 585 438 150 94
910 8 465 389 633 505 168 116
911 8 147 27 281 92 134 65
912 8 133 325 292 393 159 68
913 8 147 424 290 472 143 48
914 8 182 481 296 536 114 55
915 8 710 23 818 106 108 83
916 8 631 70 748 146 117 76
917 8 367 270 499 356 132 86
918 8 296 331 419 430 123 99
919 8 235 389 333 474 98 85
920 8 147 429 269 502 122 73
921 8 154 505 281 607 127 102
922 8 54 511 156 586 102 75
923 8 229 165 371 265 142 100
924 8 163 246 292 338 129 92
925 8 68 338 184 428 116 90
926 8 154 336 228 419 74 83
927 8 410 300 480 366 70 66
928 8 721 248 791 311 70 63
929 8 798 235 866 298 68 63
930 8 878 222 964 297 86 75
931 2 259 336 287 403 28 67
932 2 895 409 956 437 61 28
933 2 984 395 1040 415 56 20
934 8 229 221 280 296 51 75
935 8 288 199 341 298 53 99
936 8 356 193 417 289 61 96
937 8 428 178 483 283 55 105
938 8 261 147 385 214 124 67
939 8 281 201 414 270 133 69
940 8 302 249 436 321 134 72
941 8 323 294 449 364 126 70
942 8 342 349 446 410 104 61
943 8 348 64 481 128 133 64
944 8 337 149 502 210 165 61
945 8 342 200 519 264 177 64
946 8 348 264 540 322 192 58
947 8 355 321 537 393 182 72
948 8 388 397 564 474 176 77
949 8 323 21 498 113 175 92
950 8 331 72 502 148 171 76
951 8 525 27 657 104 132 77
952 8 356 130 545 226 189 96
953 8 785 25 942 92 157 67
954 8 771 107 947 182 176 75
955 8 753 196 928 274 175 78
956 8 767 289 885 360 118 71
957 2 580 180 626 270 46 90
958 5 87 394 133 447 46 53
959 5 123 386 168 434 45 48
960 5 97 463 147 521 50 58
961 5 133 449 179 509 46 60
962 5 174 438 219 496 45 58
963 5 207 429 252 485 45 56
964 2 439 292 474 417 35 125
965 2 591 409 637 486 46 77
966 2 772 681 833 773 61 92
967 2 894 74 972 161 78 87
968 2 956 360 1045 458 89 98
969 3 100 16 169 87 69 71
970 3 170 28 235 97 65 69
971 3 240 40 306 107 66 67
972 3 310 49 373 119 63 70
973 3 24 74 80 131 56 57
974 3 23 136 78 196 55 60
975 3 33 205 81 256 48 51
976 3 31 262 79 308 48 46
977 3 118 171 166 224 48 53
978 3 166 179 213 230 47 51
979 3 115 223 162 271 47 48
980 3 163 230 211 278 48 48
981 3 113 271 159 321 46 50
982 3 161 278 209 327 48 49
983 3 230 189 278 237 48 48
984 3 279 196 325 244 46 48
985 3 325 204 375 250 50 46
986 3 226 235 274 289 48 54
987 3 273 244 322 296 49 52
988 3 322 250 371 302 49 52
989 3 221 287 269 338 48 51
990 3 271 292 318 344 47 52
991 3 318 299 365 352 47 53
992 3 218 414 274 473 56 59
993 3 286 423 339 479 53 56
994 3 101 92 165 159 64 67
995 3 167 100 231 170 64 70
996 3 236 110 301 176 65 66
997 3 304 120 367 188 63 68
998 3 24 9 85 50 61 41
999 1 154 370 215 439 61 69
1000 2 470 596 554 660 84 64
1001 2 780 520 843 593 63 73
1002 2 106 55 195 77 89 22
1003 2 402 53 494 77 92 24
1004 2 508 55 597 79 89 24
1005 2 36 89 83 165 47 76
1006 2 73 429 164 452 91 23
1007 2 278 458 353 479 75 21
1008 2 560 561 587 652 27 91
1009 2 805 435 890 459 85 24
1010 2 971 442 1036 506 65 64
1011 3 527 129 579 181 52 52
1012 3 526 186 579 236 53 50
1013 3 524 238 576 288 52 50
1014 3 669 188 718 237 49 49
1015 3 669 239 717 289 48 50
1016 3 732 231 786 283 54 52
1017 3 792 232 844 283 52 51
1018 2 113 327 170 369 57 42
1019 3 651 642 698 692 47 50
1020 3 686 612 733 658 47 46
1021 3 719 647 766 694 47 47
1022 3 683 678 730 727 47 49
1023 3 739 270 763 295 24 25
1024 3 755 255 777 280 22 25
1025 3 769 272 792 296 23 24
1026 3 752 287 777 311 25 24
1027 2 231 256 268 326 37 70
1028 2 198 395 250 461 52 66
1029 2 153 610 201 673 48 63
1030 2 612 127 652 177 40 50
1031 2 504 619 540 684 36 65
1032 2 89 73 151 127 62 54
1033 2 329 322 391 378 62 56
1034 2 967 285 1007 325 40 40
1035 2 866 530 901 603 35 73
1036 2 99 127 165 182 66 55
1037 2 355 193 426 223 71 30
1038 2 462 394 529 452 67 58
1039 2 116 519 184 554 68 35
1040 2 576 620 643 650 67 30
1041 2 108 49 181 101 73 52
1042 2 180 273 230 348 50 75
1043 2 767 278 853 327 86 49
1044 2 98 91 140 187 42 96
1045 2 323 187 360 251 37 64
1046 2 494 539 551 608 57 69
1047 2 533 633 579 705 46 72
1048 2 70 119 161 144 91 25
1049 2 377 364 452 418 75 54
1050 2 534 266 588 341 54 75
1051 1 41 131 82 174 41 43
1052 1 196 99 255 159 59 60
1053 2 820 63 896 136 76 73
1054 2 1031 474 1106 545 75 71
1055 2 447 402 539 444 92 42
1056 2 794 469 888 499 94 30
1057 2 624 334 663 410 39 76
1058 2 774 197 812 266 38 69
1059 2 743 423 785 498 42 75
1060 3 593 488 637 536 44 48
1061 3 565 527 608 574 43 47
1062 3 658 536 700 583 42 47
1063 3 631 574 672 624 41 50
1064 3 700 577 745 626 45 49
1065 3 672 617 713 665 41 48
1066 3 416 651 460 698 44 47
1067 3 472 655 517 699 45 44
1068 2 458 228 529 295 71 67
1069 2 766 175 835 208 69 33
1070 2 126 271 202 320 76 49
1071 2 24 529 91 552 67 23
1072 3 227 65 283 122 56 57
1073 3 273 87 329 143 56 56
1074 3 119 485 154 520 35 35
1075 3 154 484 191 522 37 38
1076 3 190 484 226 520 36 36
1077 3 225 484 261 522 36 38
1078 3 130 528 170 563 40 35
1079 3 167 525 205 563 38 38
1080 3 204 527 241 565 37 38
1081 3 239 528 277 564 38 36
1082 3 189 569 227 603 38 34
1083 3 231 569 272 610 41 41
1084 3 189 602 226 642 37 40
1085 3 233 610 270 645 37 35
1086 3 53 643 90 682 37 39
1087 2 777 289 872 332 95 43
1088 2 332 369 360 442 28 73
1089 3 149 187 189 227 40 40
1090 3 150 225 180 255 30 30
1091 3 149 258 179 288 30 30
1092 3 185 209 235 263 50 54
1093 3 234 210 286 264 52 54
1094 3 180 261 232 313 52 52
1095 3 229 262 284 316 55 54
1096 3 144 322 170 351 26 29
1097 3 167 321 194 355 27 34
1098 3 189 324 217 356 28 32
1099 3 213 325 239 357 26 32
1100 3 236 327 262 359 26 32
1101 3 260 326 287 361 27 35
1102 2 70 140 167 175 97 35
1103 2 685 500 721 619 36 119
1104 2 846 427 893 523 47 96
1105 3 249 408 285 444 36 36
1106 3 284 440 329 483 45 43
1107 3 282 373 318 411 36 38
1108 3 319 409 357 447 38 38
1109 3 315 336 352 375 37 39
1110 3 353 374 392 410 39 36
1111 3 346 302 383 341 37 39
1112 3 385 339 422 376 37 37
1113 3 386 257 417 294 31 37
1114 3 415 286 449 321 34 35
1115 3 453 254 486 287 33 33
1116 3 491 109 518 137 27 28
1117 3 584 113 618 152 34 39
1118 3 608 91 643 125 35 34
1119 3 640 132 673 166 33 34
1120 3 91 567 159 627 68 60
1121 3 85 636 169 712 84 76
1122 3 90 751 169 825 79 74
1123 3 88 837 171 912 83 75
1124 3 198 693 277 766 79 73
1125 3 196 768 274 843 78 75
1126 3 195 849 280 921 85 72
1127 3 297 685 376 762 79 77
1128 3 295 766 378 841 83 75
1129 3 408 684 492 765 84 81
1130 3 411 763 495 847 84 84
1131 3 409 867 496 946 87 79
1132 3 501 681 582 759 81 78
1133 3 499 763 582 843 83 80
1134 3 610 679 684 742 74 63
1135 3 615 745 685 810 70 65
1136 3 616 825 687 891 71 66
1137 3 616 894 687 958 71 64
1138 3 687 675 756 741 69 66
1139 3 684 747 754 808 70 61
1140 3 691 823 759 882 68 59
1141 3 688 892 759 958 71 66
1142 3 796 690 864 753 68 63
1143 3 867 691 931 757 64 66
1144 3 795 783 871 864 76 81
1145 3 778 883 853 952 75 69
1146 3 859 880 937 955 78 75
1147 3 825 427 901 499 76 72
1148 3 903 453 979 525 76 72
1149 3 999 442 1078 522 79 80
1150 3 1077 444 1158 522 81 78
1151 3 954 297 1029 361 75 64
1152 3 1078 333 1149 394 71 61
1153 3 1176 262 1251 331 75 69
1154 3 1258 292 1314 354 56 62
1155 3 1233 342 1296 399 63 57
1156 3 1306 333 1377 399 71 66
1157 3 1009 661 1086 739 77 78
1158 3 961 783 1029 841 68 58
1159 3 961 835 1021 894 60 59
1160 3 961 886 1029 949 68 63
1161 3 1042 777 1104 837 62 60
1162 3 1039 840 1104 894 65 54
1163 3 1039 888 1104 942 65 54
1164 3 1126 777 1204 849 78 72
1165 3 1126 852 1203 918 77 66
1166 3 1224 783 1290 843 66 60
1167 3 1219 852 1287 912 68 60
1168 3 1314 813 1393 889 79 76
1169 3 1423 777 1489 831 66 54
1170 3 1423 831 1483 891 60 60
1171 3 1492 769 1566 826 74 57
1172 3 1491 817 1563 882 72 65
1173 3 1576 801 1642 862 66 61
1174 3 1636 766 1704 829 68 63
1175 2 451 300 549 411 98 111
1176 2 730 58 843 186 113 128
1177 3 1030 235 1098 300 68 65
1178 3 409 192 478 258 69 66
1179 3 483 189 555 258 72 69
1180 3 598 192 670 262 72 70
1181 3 598 261 663 330 65 69
1182 3 709 114 787 186 78 72
1183 3 706 192 780 262 74 70
1184 3 685 264 757 333 72 69
1185 3 834 102 916 177 82 75
1186 3 837 181 916 253 79 72
1187 3 832 258 913 333 81 75
1188 3 958 100 1036 178 78 78
1189 3 957 178 1036 253 79 75
1190 3 954 258 1035 337 81 79
1191 3 1087 103 1168 178 81 75
1192 3 1089 181 1170 256 81 75
1193 3 1090 259 1170 336 80 77
1194 3 1195 97 1260 156 65 59
1195 3 1198 153 1264 213 66 60
1196 3 409 520 492 603 83 83
1197 3 409 601 493 676 84 75
1198 3 504 525 588 603 84 78
1199 3 507 600 588 675 81 75
1200 3 235 709 324 795 89 86
1201 3 253 789 334 873 81 84
1202 3 321 706 399 792 78 86
1203 3 331 811 402 883 71 72
1204 3 384 768 450 837 66 69
1205 3 460 717 532 786 72 69
1206 3 507 774 567 834 60 60
1207 3 456 810 535 883 79 73
1208 3 594 721 682 801 88 80
1209 3 594 799 681 879 87 80
1210 3 699 717 777 792 78 75
1211 3 694 796 774 874 80 78
1212 3 783 751 879 828 96 77
1213 3 700 369 781 450 81 81
1214 3 699 451 781 529 82 78
1215 3 700 529 789 609 89 80
1216 3 705 606 781 672 76 66
1217 3 834 375 921 451 87 76
1218 3 829 451 913 531 84 80
1219 3 838 529 916 607 78 78
1220 3 835 610 909 678 74 68
1221 3 955 373 1041 451 86 78
1222 3 957 451 1038 529 81 78
1223 3 1108 381 1185 457 77 76
1224 3 43 88 108 151 65 63
1225 3 40 181 108 250 68 69
1226 3 39 252 110 320 71 68
1227 3 104 85 174 152 70 67
1228 3 100 184 172 254 72 70
1229 3 105 248 175 318 70 70
1230 3 165 85 235 157 70 72
1231 3 170 182 236 250 66 68
1232 3 166 246 238 316 72 70
1233 3 229 87 303 158 74 71
1234 3 230 183 301 249 71 66
1235 3 231 248 302 314 71 66
1236 3 354 86 423 150 69 64
1237 3 355 150 424 220 69 70
1238 3 351 238 421 303 70 65
1239 3 355 302 423 369 68 67
1240 3 421 87 492 151 71 64
1241 3 420 152 492 214 72 62
1242 3 420 241 494 304 74 63
1243 3 420 300 488 370 68 70
1244 3 526 90 597 152 71 62
1245 3 529 150 601 213 72 63
1246 3 529 253 600 315 71 62
1247 3 528 314 601 382 73 68
1248 3 595 87 662 150 67 63
1249 3 595 148 662 217 67 69
1250 3 595 250 662 318 67 68
1251 3 595 312 662 380 67 68
1252 3 711 88 783 151 72 63
1253 3 711 150 783 225 72 75
1254 3 711 276 783 343 72 67
1255 3 711 340 783 406 72 66
1256 3 777 88 846 153 69 65
1257 3 777 152 846 219 69 67
1258 3 777 270 846 338 69 68
1259 3 777 334 846 411 69 77
1260 3 841 86 906 153 65 67
1261 3 840 153 903 219 63 66
1262 3 900 86 963 151 63 65
1263 3 900 150 963 213 63 63
1264 3 900 237 963 303 63 66
1265 3 900 300 963 367 63 67
1266 3 900 366 963 434 63 68
1267 3 962 86 1034 148 72 62
1268 3 962 150 1034 213 72 63
1269 3 962 237 1034 303 72 66
1270 3 962 300 1034 367 72 67
1271 3 962 366 1034 434 72 68
1272 3 1072 86 1143 148 71 62
1273 3 1072 171 1143 236 71 65
1274 3 1072 326 1143 392 71 66
1275 3 1072 384 1143 447 71 63
1276 3 1138 86 1207 148 69 62
1277 3 1138 171 1207 236 69 65
1278 3 1138 326 1207 392 69 66
1279 3 1138 384 1207 447 69 63
1280 3 1203 86 1272 148 69 62
1281 3 1203 171 1272 236 69 65
1282 3 1203 326 1272 392 69 66
1283 3 1203 384 1272 447 69 63
1284 3 1266 82 1339 148 73 66
1285 3 1266 166 1336 240 70 74
1286 3 1268 326 1334 388 66 62
1287 3 1270 231 1363 316 93 85
1288 3 1347 225 1449 312 102 87
1289 3 1423 195 1518 279 95 84
1290 3 1234 310 1336 408 102 98
1291 3 1321 315 1420 408 99 93
1292 3 1414 316 1513 402 99 86
1293 3 1204 418 1276 496 72 78
1294 3 1201 483 1276 555 75 72
1295 3 1266 423 1342 493 76 70
1296 3 1267 487 1342 556 75 69
1297 3 1332 445 1435 541 103 96
1298 3 1201 556 1273 625 72 69
1299 3 1203 618 1275 693 72 75
1300 3 1266 559 1338 625 72 66
1301 3 1266 619 1341 694 75 75
1302 3 1329 558 1401 630 72 72
1303 3 1329 618 1405 691 76 73
1304 3 1392 564 1461 628 69 64
1305 3 1393 619 1459 678 66 59
1306 3 1198 691 1275 769 77 78
1307 3 1261 688 1336 766 75 78
1308 3 1327 693 1398 763 71 70
1309 3 1389 690 1464 766 75 76
1310 3 1260 769 1356 864 96 95
1311 3 1359 774 1462 868 103 94
1312 2 216 157 271 277 55 120
1313 2 163 558 274 657 111 99
1314 2 463 537 546 642 83 105
1315 2 720 54 789 157 69 103
1316 2 957 60 1030 141 73 81
1317 3 804 247 867 315 63 68
1318 3 769 321 837 390 68 69
1319 3 740 399 807 469 67 70
1320 3 880 279 945 348 65 69
1321 3 852 354 915 422 63 68
1322 3 814 434 883 501 69 67
1323 3 955 307 1022 381 67 74
1324 3 928 388 988 456 60 68
1325 3 892 460 962 535 70 75
1326 3 1045 444 1108 508 63 64
1327 3 1022 490 1090 566 68 76
1328 3 1003 541 1066 616 63 75
1329 3 980 594 1048 668 68 74
1330 3 610 151 662 205 52 54
1331 3 679 122 730 171 51 49
1332 3 607 230 656 279 49 49
1333 3 667 203 719 247 52 44
1334 3 748 182 792 221 44 39
1335 3 544 585 588 630 44 45
1336 2 318 117 362 168 44 51
1337 3 722 395 764 436 42 41
1338 3 664 401 716 449 52 48
1339 3 615 414 668 465 53 51
1340 3 569 432 618 479 49 47
1341 3 522 447 569 495 47 48
1342 3 476 462 525 509 49 47
1343 3 440 478 468 504 28 26
1344 3 416 485 444 511 28 26
1345 3 392 494 418 519 26 25
1346 3 444 504 475 531 31 27
1347 3 416 510 447 540 31 30
1348 3 391 521 417 549 26 28
1349 3 741 444 792 493 51 49
1350 3 691 459 742 506 51 47
1351 3 642 479 694 523 52 44
1352 3 593 493 642 538 49 45
1353 3 529 513 561 541 32 28
1354 3 503 522 532 550 29 28
1355 3 473 530 504 559 31 29
1356 3 446 542 475 568 29 26
1357 3 542 541 571 571 29 30
1358 3 509 550 539 580 30 30
1359 3 482 559 511 588 29 29
1360 3 453 569 483 598 30 29
1361 3 801 490 830 522 29 32
1362 3 813 517 843 549 30 32
1363 3 773 498 804 528 31 30
1364 3 785 526 817 557 32 31
1365 3 746 508 775 538 29 30
1366 3 759 535 788 565 29 30
1367 3 720 517 750 547 30 30
1368 3 733 545 761 575 28 30
1369 3 680 529 711 561 31 32
1370 3 655 540 683 573 28 33
1371 3 626 551 656 580 30 29
1372 3 637 578 666 610 29 32
1373 3 597 556 629 587 32 31
1374 3 608 588 639 618 31 30
1375 3 569 568 600 597 31 29
1376 3 581 596 610 627 29 31
1377 3 531 584 561 612 30 28
1378 3 541 611 570 642 29 31
1379 3 503 594 534 621 31 27
1380 3 512 620 543 653 31 33
1381 3 474 604 504 633 30 29
1382 3 484 634 512 663 28 29
1383 3 444 612 473 643 29 31
1384 3 455 642 483 675 28 33
1385 2 601 433 634 532 33 99
1386 3 708 392 748 433 40 41
1387 3 757 398 801 439 44 41
1388 3 690 493 723 528 33 35
1389 3 726 496 760 534 34 38
1390 3 762 500 797 537 35 37
1391 3 809 506 846 546 37 40
1392 3 847 515 883 551 36 36
1393 3 910 521 944 560 34 39
1394 3 685 527 719 566 34 39
1395 3 723 535 758 571 35 36
1396 3 761 542 795 576 34 34
1397 3 808 548 844 583 36 35
1398 3 845 548 880 588 35 40
1399 3 905 563 942 602 37 39
1400 3 682 566 717 603 35 37
1401 3 717 573 755 610 38 37
1402 3 756 579 791 613 35 34
1403 3 807 582 841 621 34 39
1404 3 843 588 877 629 34 41
1405 3 912 611 951 653 39 42
1406 3 687 614 734 668 47 54
1407 3 739 620 787 676 48 56
1408 3 793 632 842 683 49 51
1409 3 844 638 890 688 46 50
1410 3 910 660 948 703 38 43
1411 3 683 667 727 720 44 53
1412 3 732 678 781 728 49 50
1413 3 790 686 839 736 49 50
1414 3 841 694 890 745 49 51
1415 3 906 717 947 757 41 40
1416 3 242 174 301 233 59 59
1417 3 301 184 359 245 58 61
1418 3 362 194 411 246 49 52
1419 3 253 234 303 285 50 51
1420 3 306 247 356 297 50 50
1421 3 358 246 408 296 50 50
1422 3 436 288 479 332 43 44
1423 3 393 309 434 353 41 44
1424 3 432 332 472 376 40 44
1425 3 685 289 737 343 52 54
1426 3 740 286 792 334 52 48
1427 3 795 283 850 337 55 54
1428 3 753 337 803 385 50 48
1429 3 685 355 736 405 51 50
1430 3 813 462 856 508 43 46
1431 3 786 395 831 444 45 49
1432 3 768 443 810 490 42 47
1433 3 703 341 745 387 42 46
1434 3 686 386 728 433 42 47
1435 3 650 333 692 382 42 49
1436 3 626 376 664 418 38 42
1437 3 522 247 558 286 36 39
1438 3 508 285 544 323 36 38
1439 3 486 232 522 272 36 40
1440 3 470 271 508 308 38 37
1441 3 454 308 491 348 37 40
1442 3 252 124 277 150 25 26
1443 3 243 145 267 171 24 26
1444 3 467 90 505 127 38 37
1445 3 525 90 563 127 38 37
1446 3 568 90 607 127 39 37
1447 3 626 90 664 127 38 37
1448 3 683 91 721 127 38 36
1449 3 727 89 767 127 40 38
1450 3 383 128 423 166 40 38
1451 3 443 128 483 166 40 38
1452 3 490 128 527 166 37 38
1453 3 547 128 584 166 37 38
1454 3 605 130 642 166 37 36
1455 3 647 129 685 165 38 36
1456 3 706 130 744 165 38 35
1457 3 349 157 390 196 41 39
1458 3 349 203 390 243 41 40
1459 2 511 454 625 474 114 20
1460 2 905 478 975 545 70 67
1461 3 266 47 323 97 57 50
1462 3 342 47 391 97 49 50
1463 3 403 45 455 97 52 52
1464 3 448 45 501 95 53 50
1465 3 498 45 544 91 46 46
1466 3 414 138 466 187 52 49
1467 3 482 140 539 187 57 47
1468 3 340 203 395 251 55 48
1469 3 486 201 540 248 54 47
1470 3 413 198 468 252 55 54
1471 3 275 264 323 315 48 51
1472 3 318 265 367 313 49 48
1473 3 360 267 409 314 49 47
1474 3 433 261 491 313 58 52
1475 3 496 262 552 312 56 50
1476 3 303 327 339 361 36 34
1477 3 302 355 338 391 36 36
1478 3 341 328 379 361 38 33
1479 3 342 355 378 389 36 34
1480 3 382 327 420 361 38 34
1481 3 379 353 419 391 40 38
1482 3 428 329 484 383 56 54
1483 3 491 332 549 387 58 55
1484 3 358 403 420 460 62 57
1485 3 363 470 422 525 59 55
1486 3 432 403 489 459 57 56
1487 3 433 470 490 527 57 57
1488 3 490 403 548 455 58 52
1489 3 495 470 553 524 58 54
1490 2 265 428 319 535 54 107
1491 2 411 593 510 621 99 28
1492 3 122 97 176 144 54 47
1493 3 187 86 245 136 58 50
1494 3 325 150 378 203 53 53
1495 3 511 144 559 189 48 45
1496 3 511 181 559 223 48 42
1497 3 514 220 559 264 45 44
1498 3 481 268 536 325 55 57
1499 3 482 320 536 375 54 55
1500 3 529 269 584 326 55 57
1501 3 533 323 587 374 54 51
1502 3 580 270 635 325 55 55
1503 3 579 320 638 377 59 57
1504 3 650 261 688 294 38 33
1505 3 683 260 722 296 39 36
1506 3 659 297 714 346 55 49
1507 3 809 136 869 187 60 51
1508 5 173 80 275 120 102 40
1509 5 167 129 273 168 106 39
1510 5 163 175 270 211 107 36
1511 5 155 223 266 263 111 40
1512 5 317 78 418 114 101 36
1513 5 315 123 422 162 107 39
1514 5 313 167 425 208 112 41
1515 5 312 214 426 260 114 46
1516 5 460 73 565 110 105 37
1517 5 463 116 571 153 108 37
1518 5 466 162 574 205 108 43
1519 5 468 209 577 250 109 41
1520 5 602 70 709 108 107 38
1521 5 609 114 717 151 108 37
1522 5 615 157 728 198 113 41
1523 5 621 202 736 247 115 45
1524 5 534 92 581 131 47 39
1525 5 562 85 607 125 45 40
1526 5 561 139 610 177 49 38
1527 5 588 131 634 170 46 39
1528 5 613 121 661 163 48 42
1529 5 639 115 688 156 49 41
1530 5 483 278 570 353 87 75
1531 5 421 304 504 383 83 79
1532 6 334 334 430 385 96 51
1533 5 182 366 273 447 91 81
1534 5 224 393 307 468 83 75
1535 5 256 417 346 492 90 75
1536 5 293 434 379 518 86 84
1537 5 363 464 440 556 77 92
1538 5 393 489 481 572 88 83
1539 7 372 58 742 458 370 400
1540 5 117 194 265 265 148 71
1541 5 377 110 524 174 147 64
1542 5 379 207 526 282 147 75
1543 5 557 117 703 183 146 66
1544 5 394 62 506 105 112 43
1545 4 680 40 775 116 95 76
1546 4 410 17 503 81 93 64
1547 4 460 83 549 160 89 77
1548 4 382 467 488 559 106 92
1549 4 89 411 205 508 116 97
1550 5 162 227 223 281 61 54
1551 5 200 237 251 290 51 53
1552 5 230 245 285 299 55 54
1553 5 261 253 318 308 57 55
1554 5 283 178 337 233 54 55
1555 5 317 189 368 241 51 52
1556 5 895 453 944 529 49 76
1557 5 800 334 841 399 41 65
1558 5 897 341 943 408 46 67
1559 5 762 234 799 291 37 57
1560 5 839 237 879 296 40 59
1561 5 682 138 720 198 38 60
1562 5 722 145 759 200 37 55
1563 5 761 146 797 201 36 55
1564 5 810 150 850 205 40 55
1565 5 848 150 889 207 41 57
1566 5 353 314 440 390 87 76
1567 5 398 289 481 366 83 77
1568 5 438 266 523 339 85 73
1569 5 679 242 740 308 61 66
1570 5 723 237 783 304 60 67
1571 4 136 419 207 479 71 60
1572 5 523 142 576 207 53 65
1573 5 570 155 618 218 48 63
1574 5 612 170 660 231 48 61
1575 5 654 180 696 244 42 64
1576 4 99 193 244 305 145 112
1577 4 369 142 465 220 96 78
1578 5 648 368 745 447 97 79
1579 5 693 342 785 415 92 73
1580 5 381 209 452 313 71 104
1581 5 454 206 528 307 74 101
1582 5 419 195 470 268 51 73
1583 5 322 298 387 371 65 73
1584 5 371 286 434 355 63 69
1585 5 415 271 477 341 62 70
1586 5 462 258 524 325 62 67
1587 6 315 207 410 276 95 69
1588 6 444 168 537 238 93 70
1589 5 365 232 425 306 60 74
1590 5 413 223 475 295 62 72
1591 5 336 67 384 111 48 44
1592 5 357 56 412 97 55 41
1593 4 78 173 155 228 77 55
1594 4 156 370 240 434 84 64
1595 5 385 373 464 463 79 90
1596 5 440 396 507 483 67 87
1597 5 490 420 575 510 85 90
1598 5 545 442 626 529 81 87
1599 5 476 273 597 357 121 84
1600 5 492 325 619 409 127 84
1601 5 516 380 637 462 121 82
1602 6 252 154 375 245 123 91
1603 5 81 168 119 238 38 70
1604 5 121 176 172 245 51 69
1605 5 176 183 231 250 55 67
1606 5 224 186 275 255 51 69
1607 5 280 191 329 258 49 67
1608 5 324 195 377 261 53 66
1609 5 384 203 431 269 47 66
1610 5 428 207 479 274 51 67
1611 5 493 210 542 279 49 69
1612 5 542 217 593 285 51 68
1613 5 601 220 647 291 46 71
1614 5 650 224 698 295 48 71
1615 5 708 227 754 301 46 74
1616 5 601 338 647 422 46 84
1617 5 652 345 699 429 47 84
1618 5 711 348 761 432 50 84
1619 5 762 356 812 436 50 80
1620 5 121 128 222 198 101 70
1621 5 165 92 262 159 97 67
1622 5 258 426 300 513 42 87
1623 5 311 425 352 507 41 82
1624 5 225 313 265 388 40 75
1625 5 275 314 314 387 39 73
1626 5 319 313 367 386 48 73
1627 5 221 118 256 178 35 60
1628 5 263 118 301 178 38 60
1629 5 305 118 341 178 36 60
1630 5 348 118 387 178 39 60
1631 5 412 82 448 143 36 61
1632 5 451 82 489 143 38 61
1633 9 818 92 972 214 154 122
1634 5 303 288 365 358 62 70
1635 5 390 272 447 346 57 74
1636 5 443 262 502 335 59 73
1637 5 507 248 567 318 60 70
1638 5 562 238 623 307 61 69
1639 5 324 389 380 467 56 78
1640 5 307 91 358 162 51 71
1641 5 370 96 425 165 55 69
1642 5 433 93 481 171 48 78
1643 5 378 197 431 278 53 81
1644 5 451 198 497 281 46 83
1645 5 515 202 569 285 54 83
1646 5 463 312 519 405 56 93
1647 5 536 320 589 411 53 91
1648 5 607 323 662 414 55 91
1649 5 303 151 385 206 82 55
1650 5 281 189 369 240 88 51
1651 6 400 188 459 260 59 72
1652 6 455 203 522 276 67 73
1653 4 189 264 353 389 164 125
1654 5 174 314 248 366 74 52
1655 5 243 365 317 416 74 51
1656 5 197 289 267 339 70 50
1657 5 267 339 338 392 71 53
1658 5 219 262 288 314 69 52
1659 5 286 313 360 363 74 50
1660 5 241 238 307 291 66 53
1661 5 310 286 380 340 70 54
1662 4 421 354 552 476 131 122
1663 4 147 17 237 77 90 60
1664 6 213 117 300 184 87 67
1665 6 264 74 342 137 78 63
1666 5 486 569 575 637 89 68
1667 5 455 468 537 528 82 60
1668 5 648 511 711 560 63 49
1669 5 640 186 691 225 51 39
1670 5 672 218 722 260 50 42
1671 5 622 257 672 301 50 44
1672 5 655 285 709 331 54 46
1673 5 679 326 732 371 53 45
1674 5 569 298 614 339 45 41
1675 5 602 330 660 372 58 42
1676 5 628 371 683 418 55 47
1677 5 653 419 709 465 56 46
1678 5 545 369 609 418 64 49
1679 5 569 422 625 469 56 47
1680 5 594 473 648 517 54 44
1681 5 102 315 168 423 66 108
1682 5 172 301 238 418 66 117
1683 5 263 305 328 411 65 106
1684 5 335 300 400 403 65 103
1685 5 425 294 489 396 64 102
1686 5 494 291 558 392 64 101
1687 5 595 282 665 383 70 101
1688 5 660 276 733 377 73 101
1689 5 728 274 802 371 74 97
1690 5 792 268 868 367 76 99
1691 5 395 245 474 317 79 72
1692 5 431 221 515 287 84 66
1693 5 469 197 551 262 82 65
1694 5 73 193 185 236 112 43
1695 5 70 238 185 283 115 45
1696 5 67 287 182 336 115 49
1697 5 65 338 182 388 117 50
1698 10 861 230 917 286 56 56
1699 10 827 256 888 315 61 59
1700 10 724 323 773 384 49 61
1701 10 122 45 182 77 60 32
1702 10 701 531 767 584 66 53
1703 10 868 623 928 674 60 51
1704 10 26 46 65 133 39 87
1705 10 725 120 761 198 36 78
1706 10 871 498 943 535 72 37
1707 10 599 50 673 89 74 39
1708 10 151 627 202 697 51 70
1709 10 549 59 606 101 57 42
1710 10 555 20 609 64 54 44
1711 10 404 591 440 658 36 67
1712 10 101 254 158 290 57 36
1713 10 822 354 894 416 72 62
1714 10 198 83 243 166 45 83
1715 10 110 570 202 634 92 64
1716 10 145 346 213 402 68 56
1717 10 275 225 369 305 94 80
1718 10 160 179 230 221 70 42
1719 10 519 115 599 161 80 46
1720 10 617 108 692 155 75 47
1721 10 398 587 474 626 76 39
1722 10 457 664 528 713 71 49
1723 10 365 140 417 201 52 61
1724 10 429 251 471 302 42 51
1725 10 276 191 327 226 51 35
1726 10 99 97 138 161 39 64
1727 10 360 215 422 267 62 52
1728 10 834 417 908 477 74 60
1729 10 132 95 214 177 82 82
1730 10 835 447 882 508 47 61
1731 10 765 548 827 582 62 34
1732 10 488 284 532 342 44 58
1733 10 428 569 497 610 69 41
1734 10 324 50 374 106 50 56
1735 10 354 660 420 698 66 38
1736 10 91 476 157 518 66 42
1737 10 25 534 91 582 66 48
1738 10 127 498 195 548 68 50
1739 10 834 384 892 415 58 31
1740 10 462 617 532 662 70 45
1741 10 83 123 129 154 46 31
1742 10 101 164 135 213 34 49
1743 10 272 124 323 157 51 33
1744 10 559 30 608 62 49 32
1745 10 641 33 698 69 57 36
1746 10 505 412 574 456 69 44
1747 10 425 434 483 475 58 41
1748 10 350 462 413 503 63 41
1749 10 254 498 319 541 65 43
1750 10 380 386 445 427 65 41
1751 10 251 424 312 465 61 41
1752 10 127 460 184 500 57 40
1753 10 742 199 810 240 68 41
1754 10 331 68 373 128 42 60
1755 10 437 322 481 390 44 68
1756 10 514 503 557 573 43 70
1757 10 895 54 958 96 63 42
1758 10 578 19 640 58 62 39
1759 10 500 41 559 81 59 40
1760 10 432 281 473 339 41 58
1761 10 488 453 532 525 44 72
1762 10 525 150 593 194 68 44
1763 10 911 213 976 253 65 40
1764 10 503 206 568 246 65 40
1765 10 308 297 358 360 50 63
1766 10 96 453 157 491 61 38
1767 10 181 114 232 163 51 49
1768 10 486 265 528 332 42 67
1769 10 550 484 592 559 42 75
1770 10 571 566 613 624 42 58
1771 10 595 639 634 706 39 67
1772 10 421 514 489 560 68 46
1773 10 551 443 619 486 68 43
1774 10 570 477 630 514 60 37
1775 10 591 500 653 542 62 42
1776 10 424 547 504 599 80 52
1777 10 499 50 541 78 42 28
1778 10 514 139 560 171 46 32
1779 10 507 178 561 208 54 30
1780 10 428 252 454 303 26 51
1781 10 442 320 471 368 29 48
1782 10 461 390 495 441 34 51
1783 10 391 177 439 219 48 42
1784 10 270 248 322 272 52 24
1785 10 96 278 151 320 55 42
1786 10 16 379 80 419 64 40
1787 10 166 176 228 219 62 43
1788 10 377 109 442 149 65 40
1789 10 473 134 542 174 69 40
1790 10 456 184 516 221 60 37
1791 10 534 58 600 99 66 41
1792 10 280 151 346 178 66 27
1793 10 532 213 597 244 65 31
1794 10 62 38 112 100 50 62
1795 10 43 537 84 599 41 62
1796 10 115 558 159 630 44 72
1797 10 346 127 398 199 52 72
1798 10 149 256 217 311 68 55
1799 10 812 422 849 485 37 63
1800 10 693 532 730 614 37 82
1801 10 412 134 477 197 65 63
1802 10 142 100 203 163 61 63
1803 10 294 40 340 98 46 58
1804 10 213 170 260 231 47 61
1805 10 457 524 537 590 80 66
1806 10 340 54 372 128 32 74
1807 10 325 405 367 496 42 91
1808 10 406 124 442 189 36 65
1809 10 447 127 481 186 34 59
1810 10 1 192 50 251 49 59
1811 10 98 267 157 340 59 73
1812 10 507 562 584 647 77 85
1813 10 2 65 34 111 32 46
1814 10 31 53 62 99 31 46
1815 10 56 44 86 90 30 46
1816 10 77 39 110 84 33 45
1817 10 105 31 136 77 31 46
1818 10 74 221 123 252 49 31
1819 10 157 225 215 259 58 34
1820 10 379 158 435 179 56 21
1821 10 136 376 179 442 43 66
1822 10 336 480 381 549 45 69
1823 10 630 399 672 458 42 59
1824 10 661 389 704 452 43 63
1825 10 730 367 770 429 40 62
1826 10 768 357 809 419 41 62
1827 10 588 410 630 460 42 50
1828 10 658 108 732 169 74 61
1829 10 615 208 674 251 59 43
1830 10 635 517 684 594 49 77
1831 10 701 586 755 645 54 59
1832 10 671 662 736 693 65 31
1833 10 845 640 908 685 63 45
1834 10 163 493 189 548 26 55
1835 10 629 178 690 211 61 33
1836 10 912 213 967 240 55 27
1837 10 182 273 206 327 24 54
1838 10 111 3 138 48 27 45
1839 10 750 295 773 341 23 46
1840 10 267 514 321 542 54 28
1841 10 403 538 434 593 31 55
1842 10 357 212 387 263 30 51
1843 10 532 86 583 119 51 33
1844 10 702 132 752 163 50 31
1845 10 96 13 146 38 50 25
1846 10 466 71 515 101 49 30
1847 10 948 135 999 165 51 30
1848 10 1008 150 1056 178 48 28
1849 10 270 549 328 568 58 19
1850 10 390 76 422 130 32 54
1851 10 399 139 426 186 27 47
1852 10 498 251 527 301 29 50
1853 10 471 320 498 366 27 46
1854 10 288 389 332 436 44 47
1855 10 293 224 343 265 50 41
1856 10 440 312 489 352 49 40
1857 10 574 389 622 428 48 39
1858 10 806 263 856 302 50 39
1859 10 855 316 891 363 36 47
1860 10 828 241 875 280 47 39
1861 10 796 288 837 326 41 38
1862 10 875 543 925 584 50 41
1863 10 412 275 462 310 50 35
1864 10 368 246 417 284 49 38
1865 10 273 191 323 228 50 37
1866 10 161 101 215 134 54 33
1867 10 297 327 334 373 37 46
1868 10 214 287 267 324 53 37
1869 10 165 260 212 294 47 34
1870 10 228 160 276 208 48 48
1871 10 477 310 521 350 44 40
1872 10 536 341 579 384 43 43
1873 10 149 282 190 322 41 40
1874 10 201 308 250 354 49 46
1875 10 908 469 962 507 54 38
1876 10 400 592 433 640 33 48
1877 10 450 502 481 550 31 48
1878 10 559 301 616 340 57 39
1879 10 658 271 688 327 30 56
1880 10 437 167 473 219 36 52
1881 10 280 133 326 172 46 39
1882 10 698 28 732 67 34 39
1883 10 721 36 755 74 34 38
1884 10 761 49 794 96 33 47
1885 10 811 72 847 129 36 57
1886 10 920 130 952 180 32 50
1887 10 946 135 981 191 35 56
1888 10 974 155 1004 207 30 52
1889 10 998 173 1030 219 32 46
1890 10 108 8 155 57 47 49
1891 10 139 210 182 256 43 46
1892 10 509 272 549 308 40 36
1893 10 709 505 745 557 36 52
1894 10 733 521 773 578 40 57
1895 10 852 435 897 470 45 35
1896 10 783 50 825 109 42 59
1897 10 475 446 519 503 44 57
1898 10 633 581 683 621 50 40
1899 10 814 340 868 377 54 37
1900 10 916 227 940 280 24 53
1901 10 943 206 970 258 27 52
1902 10 975 175 1002 233 27 58
1903 10 942 57 985 112 43 55
1904 10 879 138 934 165 55 27
1905 10 699 308 760 334 61 26
1906 10 642 362 700 389 58 27
1907 10 613 387 665 413 52 26
1908 10 678 103 717 153 39 50
1909 10 655 121 696 168 41 47
1910 10 606 150 648 200 42 50
1911 10 591 169 626 215 35 46
1912 10 565 182 606 231 41 49
1913 10 544 197 586 249 42 52
1914 10 524 221 564 266 40 45
1915 10 498 292 543 335 45 43
1916 10 506 318 548 356 42 38
1917 10 527 338 570 378 43 40
1918 10 558 362 585 416 27 54
1919 10 591 359 614 403 23 44
1920 10 612 327 638 382 26 55
1921 10 501 395 548 439 47 44
1922 10 482 368 525 407 43 39
1923 10 456 349 507 397 51 48
1924 10 438 329 487 375 49 46
1925 10 418 308 474 352 56 44
1926 10 406 285 458 323 52 38
1927 10 398 256 445 294 47 38
1928 10 391 229 435 258 44 29
1929 10 374 199 428 232 54 33
1930 10 352 335 410 368 58 33
1931 10 350 378 392 415 42 37
1932 10 395 409 460 463 65 54
1933 10 442 204 484 251 42 47
1934 10 468 185 509 232 41 47
1935 10 516 157 552 201 36 44
1936 10 536 142 572 185 36 43
1937 10 553 118 593 172 40 54
1938 10 577 109 617 157 40 48
1939 10 598 87 639 141 41 54
1940 10 547 50 589 102 42 52
1941 10 505 92 539 135 34 43
1942 10 479 105 515 149 36 44
1943 10 431 131 470 180 39 49
1944 10 404 143 446 197 42 54
1945 10 126 387 154 449 28 62
1946 10 202 416 232 459 30 43
1947 10 465 456 515 505 50 49
1948 10 525 445 577 467 52 22
1949 10 578 445 627 466 49 21
1950 10 605 419 652 440 47 21
1951 10 495 658 539 703 44 45
1952 10 640 316 666 356 26 40
1953 10 673 290 698 333 25 43
1954 10 676 338 730 363 54 25
1955 10 728 228 753 273 25 45
1956 10 730 284 785 306 55 22
1957 10 568 38 608 77 40 39
1958 10 599 28 633 68 34 40
1959 10 625 75 661 116 36 41
1960 10 907 111 958 139 51 28
1961 10 843 166 899 191 56 25
1962 10 790 613 834 667 44 54
1963 10 475 253 521 296 46 43
1964 10 504 240 542 279 38 39
1965 10 337 227 373 272 36 45
1966 10 388 131 424 181 36 50
1967 10 261 561 308 599 47 38
1968 10 770 585 820 625 50 40
1969 10 825 611 877 643 52 32
1970 10 605 65 653 93 48 28
1971 10 595 117 634 144 39 27
1972 10 562 132 606 162 44 30
1973 10 551 154 590 181 39 27
1974 10 540 175 583 207 43 32
1975 10 519 196 568 232 49 36
1976 10 511 222 552 255 41 33
1977 10 498 248 540 281 42 33
1978 10 489 270 529 303 40 33
1979 10 531 283 580 320 49 37
1980 10 526 311 568 343 42 32
1981 10 466 313 510 349 44 36
1982 10 509 333 555 370 46 37
1983 10 289 306 329 353 40 47
1984 10 170 520 202 563 32 43
1985 10 861 516 915 550 54 34
1986 10 718 293 751 346 33 53
1987 10 781 271 815 332 34 61
1988 10 970 235 1006 288 36 53
1989 10 52 108 105 135 53 27
1990 10 411 365 438 427 27 62
1991 10 263 587 323 612 60 25
1992 10 345 583 396 608 51 25
1993 10 618 581 665 607 47 26
1994 10 678 579 734 606 56 27
1995 10 731 498 778 522 47 24
1996 10 889 487 939 512 50 25
1997 10 946 485 999 508 53 23
1998 10 665 504 718 527 53 23
1999 10 192 589 247 613 55 24
2000 10 985 72 1022 128 37 56
2001 10 874 270 934 310 60 40
2002 10 912 319 967 358 55 39
2003 10 773 320 821 355 48 35
2004 10 780 379 826 414 46 35
2005 10 732 401 777 434 45 33
2006 10 615 384 667 422 52 38
2007 10 613 450 664 487 51 37
2008 10 556 475 608 513 52 38
2009 10 286 597 339 633 53 36
2010 10 290 532 338 569 48 37
2011 10 195 484 234 540 39 56
2012 10 159 381 191 437 32 56
2013 10 148 253 174 312 26 59
2014 10 81 98 110 157 29 59
2015 10 41 641 97 663 56 22
2016 10 106 623 151 646 45 23
2017 10 399 485 449 512 50 27
2018 10 568 413 615 437 47 24
2019 10 953 242 1004 271 51 29
2020 10 95 286 120 333 25 47
2021 10 716 334 769 374 53 40
2022 10 622 438 677 480 55 42
2023 10 468 504 520 545 52 41
2024 10 335 520 384 556 49 36
2025 10 255 117 291 165 36 48
2026 10 303 74 349 140 46 66
2027 10 64 472 111 529 47 57
2028 10 816 541 865 596 49 55
2029 10 546 245 593 295 47 50
2030 10 649 135 689 180 40 45
2031 10 70 344 116 387 46 43
2032 10 392 129 432 174 40 45
2033 10 390 78 438 126 48 48
2034 10 393 99 440 146 47 47
2035 10 343 145 385 180 42 35
2036 10 617 283 679 343 62 60
2037 10 295 181 347 218 52 37
2038 10 253 218 300 248 47 30
2039 10 72 284 104 331 32 47
2040 10 774 202 825 236 51 34
2041 10 562 226 590 285 28 59
2042 10 458 265 487 318 29 53
2043 10 464 318 498 390 34 72
2044 10 480 467 508 522 28 55
2045 10 234 135 293 174 59 39
2046 10 177 283 211 333 34 50
2047 10 163 432 196 484 33 52
2048 10 118 400 152 449 34 49
2049 10 63 379 98 428 35 49
2050 10 80 69 133 100 53 31
2051 10 76 96 124 125 48 29
2052 10 72 124 118 158 46 34
2053 10 68 155 117 191 49 36
2054 10 349 30 384 85 35 55
2055 10 165 353 213 393 48 40
2056 10 155 68 208 115 53 47
2057 10 250 136 284 186 34 50
2058 10 272 153 307 203 35 50
2059 10 463 151 523 205 60 54
2060 10 539 316 572 367 33 51
2061 10 589 348 624 398 35 50
2062 10 612 367 643 412 31 45
2063 10 770 451 801 497 31 46
2064 10 808 484 844 535 36 51
2065 10 958 596 988 639 30 43
2066 10 933 111 967 161 34 50
2067 10 986 134 1021 182 35 48
2068 10 1031 164 1065 215 34 51
2069 10 371 213 400 255 29 42
2070 10 458 272 485 308 27 36
2071 10 643 371 672 410 29 39
2072 10 653 268 697 308 44 40
2073 10 110 179 152 205 42 26
2074 10 274 209 322 242 48 33
2075 10 716 591 776 632 60 41
2076 10 871 119 930 158 59 39
2077 10 1028 68 1055 116 27 48
2078 10 991 177 1018 230 27 53
2079 10 142 520 170 588 28 68
2080 10 490 442 546 477 56 35
2081 10 171 398 232 437 61 39
2082 10 661 92 709 149 48 57
2083 10 985 519 1029 570 44 51
2084 10 730 303 770 337 40 34
2085 10 869 358 912 403 43 45
2086 10 255 251 317 280 62 29
2087 10 513 194 574 222 61 28
2088 10 904 214 961 242 57 28
2089 10 699 184 763 203 64 19
2090 10 180 268 232 295 52 27
2091 10 374 256 436 283 62 27
2092 10 442 254 492 280 50 26
2093 10 652 261 709 290 57 29
2094 10 769 202 800 253 31 51
2095 10 949 352 994 378 45 26
2096 10 121 277 178 296 57 19
2097 10 527 255 570 278 43 23
2098 10 586 257 631 284 45 27
2099 10 109 293 138 342 29 49
2100 10 246 385 296 411 50 26
2101 10 449 277 497 306 48 29
2102 10 472 335 512 357 40 22
2103 10 527 175 589 204 62 29
2104 10 598 293 655 320 57 27
2105 10 789 206 845 233 56 27
2106 10 874 197 941 232 67 35
2107 10 467 381 516 402 49 21
2108 10 503 334 561 384 58 50
2109 10 726 329 783 373 57 44
2110 10 822 501 877 542 55 41
2111 10 870 518 952 577 82 59
2112 10 325 220 367 261 42 41
2113 10 218 141 260 184 42 43
2114 10 547 152 577 211 30 59
2115 10 555 469 588 532 33 63
2116 10 645 631 699 666 54 35
2117 10 489 122 518 173 29 51
2118 10 482 340 515 396 33 56
2119 10 918 169 959 221 41 52
2120 10 817 345 851 392 34 47
2121 10 775 418 811 463 36 45
2122 10 925 223 955 271 30 48
2123 10 717 482 767 545 50 63
2124 10 129 166 163 213 34 47
2125 10 514 221 571 261 57 40
2126 10 757 342 813 379 56 37
2127 10 472 196 507 233 35 37
2128 10 428 174 478 218 50 44
2129 10 151 378 195 418 44 40
2130 10 107 498 150 538 43 40
2131 1 84 508 131 567 47 59
2132 1 156 311 211 352 55 41
2133 1 350 249 405 297 55 48
2134 1 599 68 639 114 40 46
2135 1 650 47 683 87 33 40
2136 1 698 48 747 97 49 49
2137 1 761 135 802 166 41 31
2138 1 725 189 782 231 57 42
2139 1 679 251 763 300 84 49
2140 1 684 389 747 446 63 57
2141 1 759 463 823 511 64 48
2142 1 861 16 930 60 69 44
2143 7 293 98 453 360 160 262
2144 6 203 169 264 244 61 75
2145 6 273 169 334 241 61 72
2146 6 339 165 400 240 61 75
2147 7 514 111 734 427 220 316
2148 7 490 77 713 451 223 374
2149 4 110 27 188 82 78 55
2150 4 175 177 262 247 87 70
2151 4 83 412 152 463 69 51
2152 7 390 138 560 397 170 259
2153 4 764 109 847 173 83 64
2154 4 546 219 641 299 95 80
2155 4 815 343 867 384 52 41
2156 7 337 102 492 427 155 325
2157 4 146 164 218 220 72 56
2158 4 320 41 409 104 89 63
2159 4 307 270 406 343 99 73
2160 7 437 71 610 352 173 281
2161 7 325 150 692 315 367 165
2162 7 210 90 446 331 236 241
2163 7 200 84 475 332 275 248
2164 4 100 436 176 497 76 61
2165 4 553 393 649 476 96 83
2166 7 554 88 723 384 169 296
2167 4 597 346 744 454 147 108
2168 5 101 305 151 388 50 83
2169 5 158 301 206 376 48 75
2170 6 106 413 173 499 67 86
2171 4 119 222 219 293 100 71
2172 7 179 124 500 235 321 111
2173 6 72 167 126 239 54 72
2174 6 134 163 185 233 51 70
2175 6 65 247 118 316 53 69
2176 6 127 239 182 311 55 72
2177 6 57 327 111 405 54 78
2178 6 120 318 175 395 55 77
2179 7 145 195 281 447 136 252
2180 7 364 96 521 371 157 275
2181 4 248 89 302 140 54 51
2182 4 442 305 536 379 94 74
2183 7 217 140 556 280 339 140
2184 4 362 265 411 306 49 41
2185 4 503 242 575 298 72 56
2186 7 690 119 835 344 145 225
2187 4 404 96 482 154 78 58
2188 4 346 274 435 350 89 76
2189 7 78 78 273 354 195 276
2190 4 154 109 223 162 69 53
2191 4 131 225 209 285 78 60
2192 7 349 87 505 322 156 235
2193 4 924 96 1009 160 85 64
2194 4 932 182 998 236 66 54
2195 7 754 116 936 382 182 266
2196 9 97 390 373 487 276 97
2197 4 483 61 569 124 86 63
2198 4 630 43 695 92 65 49
2199 7 608 121 840 383 232 262
2200 4 814 25 885 76 71 51
2201 4 413 158 512 235 99 77
2202 4 657 142 754 217 97 75
2203 7 186 7 373 285 187 278
2204 4 555 373 665 457 110 84
2205 7 578 58 804 263 226 205
2206 5 347 36 396 102 49 66
2207 5 392 30 441 94 49 64
2208 5 372 122 426 191 54 69
2209 5 415 113 471 182 56 69
2210 6 420 290 527 349 107 59
2211 6 449 387 558 455 109 68
2212 4 528 6 671 102 143 96
2213 6 611 289 710 393 99 104
2214 6 694 276 784 373 90 97
2215 4 221 287 344 416 123 129
2216 7 508 34 763 327 255 293
2217 4 154 402 256 498 102 96
2218 4 302 338 409 427 107 89
2219 7 383 128 740 301 357 173
2220 6 350 216 476 331 126 115
2221 6 468 184 582 249 114 65
2222 6 449 275 573 348 124 73
2223 2 63 245 121 318 58 73
2224 2 363 102 401 174 38 72
2225 2 509 31 543 99 34 68
2226 2 467 250 517 331 50 81
2227 2 751 269 786 354 35 85
2228 2 987 104 1056 170 69 66
2229 2 963 332 1023 406 60 74
2230 2 442 61 474 132 32 71
2231 2 653 200 724 264 71 64
2232 2 436 379 524 473 88 94
2233 2 62 445 106 497 44 52
2234 2 93 281 165 346 72 65
2235 2 266 329 317 382 51 53
2236 2 345 96 392 160 47 64
2237 2 523 25 580 60 57 35
2238 2 645 150 691 215 46 65
2239 2 664 248 740 299 76 51
2240 2 502 411 585 442 83 31
2241 2 803 60 859 92 56 32
2242 2 877 93 934 123 57 30
2243 2 909 248 970 275 61 27
2244 2 847 425 916 492 69 67
2245 2 998 70 1047 103 49 33
2246 2 1065 158 1112 183 47 25
2247 2 1134 127 1175 165 41 38
2248 2 85 70 139 109 54 39
2249 2 218 23 262 55 44 32
2250 2 108 307 149 340 41 33
2251 2 386 95 426 126 40 31
2252 2 305 183 368 227 63 44
2253 2 374 295 438 332 64 37
2254 2 672 81 722 111 50 30
2255 2 553 301 606 332 53 31
2256 2 715 380 788 415 73 35
2257 2 799 48 852 74 53 26
2258 2 914 134 979 163 65 29
2259 2 1081 88 1170 115 89 27
2260 2 448 517 520 557 72 40
2261 2 36 37 106 62 70 25
2262 2 48 165 113 215 65 50
2263 2 4 314 33 351 29 37
2264 2 124 347 162 410 38 63
2265 2 339 139 421 185 82 46
2266 2 306 374 388 459 82 85
2267 2 500 57 550 90 50 33
2268 2 572 270 618 356 46 86
2269 2 559 444 603 518 44 74
2270 2 663 38 718 92 55 54
2271 2 74 66 120 103 46 37
2272 2 138 250 186 358 48 108
2273 2 245 115 281 162 36 47
2274 2 383 23 422 70 39 47
2275 2 409 132 442 165 33 33
2276 2 662 31 687 75 25 44
2277 2 573 191 615 264 42 73
2278 2 650 135 684 198 34 63
2279 2 654 423 747 491 93 68
2280 2 790 18 813 60 23 42
2281 2 865 169 898 235 33 66
2282 2 809 401 866 505 57 104
2283 2 393 496 439 588 46 92
2284 2 92 394 155 430 63 36
2285 2 276 144 319 170 43 26
2286 2 364 139 427 159 63 20
2287 2 514 88 572 123 58 35
2288 2 1008 354 1071 390 63 36
2289 2 59 115 121 159 62 44
2290 2 120 362 174 406 54 44
2291 2 666 359 705 398 39 39
2292 2 825 44 886 88 61 44
2293 2 815 261 879 319 64 58
2294 2 794 449 833 488 39 39
2295 2 931 409 976 453 45 44
2296 2 1059 212 1127 275 68 63
2297 2 1061 357 1119 407 58 50
2298 2 1131 501 1170 540 39 39
2299 2 1117 18 1161 61 44 43
2300 2 651 517 705 556 54 39
2301 2 24 12 63 39 39 27
2302 2 75 398 179 450 104 52
2303 2 232 85 285 138 53 53
2304 2 185 289 249 346 64 57
2305 2 402 32 474 65 72 33
2306 2 380 335 468 402 88 67
2307 2 697 277 767 328 70 51
2308 2 858 230 934 281 76 51
2309 1 98 20 168 64 70 44
2310 1 109 71 178 118 69 47
2311 1 92 128 172 177 80 49
2312 1 87 186 166 238 79 52
2313 1 82 247 160 304 78 57
2314 1 36 330 129 404 93 74
2315 1 659 63 719 102 60 39
2316 1 823 392 908 467 85 75
2317 1 1048 391 1131 468 83 77
2318 2 90 159 165 205 75 46
2319 2 364 45 442 81 78 36
2320 2 214 267 293 297 79 30
2321 2 107 484 195 519 88 35
2322 2 437 267 483 314 46 47
2323 2 428 467 504 541 76 74
2324 2 597 48 655 72 58 24
2325 2 601 215 676 252 75 37
2326 2 857 103 909 129 52 26
2327 2 764 419 821 443 57 24
2328 2 26 157 98 189 72 32
2329 2 156 223 242 259 86 36
2330 2 414 20 456 75 42 55
2331 2 420 243 503 274 83 31
2332 2 347 414 425 436 78 22
2333 2 622 211 736 289 114 78
2334 2 546 493 591 517 45 24
2335 2 1079 198 1104 268 25 70
2336 2 912 456 939 494 27 38
2337 2 30 146 96 186 66 40
2338 2 238 35 302 73 64 38
2339 2 186 209 282 264 96 55
2340 2 315 330 404 388 89 58
2341 2 493 143 559 189 66 46
2342 2 611 19 675 51 64 32
2343 2 900 39 951 68 51 29
2344 2 863 215 916 246 53 31
2345 1 415 75 464 119 49 44
2346 1 482 78 531 121 49 43
2347 1 382 270 453 333 71 63
2348 1 380 351 449 415 69 64
2349 1 185 266 258 331 73 65
2350 8 124 268 271 373 147 105
2351 8 71 343 226 445 155 102
2352 8 468 57 552 134 84 77
2353 8 590 52 656 140 66 88
2354 8 695 46 761 137 66 91
2355 8 778 36 853 127 75 91
2356 8 861 31 932 117 71 86
2357 8 929 15 983 110 54 95
2358 8 831 268 896 384 65 116
2359 8 937 242 1044 292 107 50
2360 8 919 324 1070 374 151 50
2361 8 294 54 330 157 36 103
2362 8 180 126 330 159 150 33
2363 8 170 196 323 250 153 54
2364 8 158 283 281 323 123 40
2365 8 299 274 486 306 187 32
2366 8 371 27 477 64 106 37
2367 8 366 94 490 147 124 53
2368 8 357 183 490 240 133 57
2369 8 534 28 655 88 121 60
2370 8 547 126 673 185 126 59
2371 8 555 220 685 276 130 56
2372 8 560 315 694 374 134 59
2373 8 563 410 755 447 192 37
2374 7 308 139 532 382 224 243
2375 4 427 188 496 239 69 51
2376 4 332 362 433 444 101 82
2377 7 534 125 715 410 181 285
2378 2 227 126 297 218 70 92
2379 2 376 335 475 416 99 81
2380 2 450 308 621 382 171 74
2381 2 773 343 922 378 149 35
2382 2 758 446 912 484 154 38
2383 9 635 306 738 537 103 231
2384 2 28 15 119 56 91 41
2385 2 39 63 101 98 62 35
2386 2 123 44 197 75 74 31
2387 2 195 64 273 101 78 37
2388 2 249 140 351 192 102 52
2389 2 375 202 470 266 95 64
2390 2 504 202 581 255 77 53
2391 2 607 264 722 343 115 79
2392 2 745 355 862 451 117 96
2393 2 718 430 815 538 97 108
2394 4 684 385 797 490 113 105
2395 9 84 68 218 236 134 168
2396 9 877 109 1015 258 138 149
2397 9 23 67 242 202 219 135
2398 9 452 150 572 343 120 193
2399 9 955 297 1103 411 148 114
2400 9 38 195 127 278 89 83
2401 9 444 52 546 123 102 71
2402 9 968 263 1048 358 80 95
2403 9 1103 260 1168 329 65 69
2404 9 1164 194 1237 278 73 84
2405 1 470 69 533 135 63 66
2406 1 551 103 617 171 66 68
2407 1 627 156 695 229 68 73
2408 1 704 206 774 285 70 79
2409 1 794 240 871 316 77 76
2410 1 192 302 268 354 76 52
2411 1 126 378 212 444 86 66
2412 1 58 456 141 525 83 69
2413 2 489 403 518 431 29 28
2414 2 488 437 518 465 30 28
2415 8 65 274 193 377 128 103
2416 8 164 225 271 328 107 103
2417 8 250 173 348 277 98 104
2418 8 329 140 415 222 86 82
2419 8 428 28 508 166 80 138
2420 8 513 34 579 172 66 138
2421 8 577 39 640 170 63 131
2422 8 640 43 694 169 54 126
2423 8 696 40 742 170 46 130
2424 8 748 44 787 176 39 132
2425 8 793 41 833 178 40 137
2426 8 835 40 878 181 43 141
2427 8 672 195 836 232 164 37
2428 8 674 232 937 284 263 52
2429 8 672 284 934 338 262 54
2430 8 675 344 945 396 270 52
2431 8 667 405 951 470 284 65
2432 8 663 479 962 542 299 63
2433 8 181 213 259 270 78 57
2434 8 114 277 233 323 119 46
2435 8 266 199 351 324 85 125
2436 8 369 204 455 339 86 135
2437 8 90 337 323 397 233 60
2438 8 487 220 547 331 60 111
2439 8 564 233 627 371 63 138
2440 8 445 371 641 441 196 70
2441 8 653 210 712 405 59 195
2442 8 902 80 1059 211 157 131
2443 8 797 159 991 354 194 195
2444 8 958 210 1136 361 178 151
2445 8 51 85 101 238 50 153
2446 8 127 79 194 221 67 142
2447 8 236 70 385 207 149 137
2448 8 339 33 526 180 187 147
2449 8 71 353 337 416 266 63
2450 8 93 457 154 548 61 91
2451 8 183 450 251 570 68 120
2452 8 276 443 347 591 71 148
2453 8 357 275 417 406 60 131
2454 8 463 179 530 258 67 79
2455 8 550 164 622 263 72 99
2456 8 639 163 706 290 67 127
2457 8 719 175 775 313 56 138
2458 8 790 189 848 328 58 139
2459 8 852 231 938 366 86 135
2460 8 832 386 945 437 113 51
2461 8 829 463 952 520 123 57
2462 8 778 519 955 591 177 72
2463 8 17 161 109 293 92 132
2464 8 130 172 219 316 89 144
2465 8 249 149 304 314 55 165
2466 8 329 140 376 313 47 173
2467 8 406 145 454 310 48 165
2468 8 476 141 532 273 56 132
2469 8 552 139 617 297 65 158
2470 8 629 133 701 286 72 153
2471 8 722 169 814 306 92 137
2472 8 790 215 917 340 127 125
2473 8 858 291 993 368 135 77
2474 8 891 386 1023 436 132 50
2475 8 913 469 1021 512 108 43
2476 9 194 49 391 115 197 66
2477 9 270 386 484 474 214 88
2478 9 144 180 294 432 150 252
2479 9 857 139 1005 335 148 196
2480 9 89 109 231 268 142 159
2481 9 1082 135 1224 268 142 133
2482 9 112 140 284 278 172 138
2483 9 616 211 757 409 141 198
2484 4 217 134 374 256 157 122
2485 5 406 186 464 246 58 60
2486 5 439 207 503 270 64 63
2487 6 472 231 549 305 77 74
2488 6 519 254 594 329 75 75
2489 9 150 134 304 261 154 127
2490 9 793 186 900 321 107 135
2491 7 228 230 535 385 307 155
2492 9 175 327 273 503 98 176
2493 9 477 323 568 477 91 154
2494 9 915 68 1026 162 111 94
2495 9 90 222 171 345 81 123
2496 9 489 111 667 266 178 155
2497 9 1013 81 1134 167 121 86
2498 4 135 267 205 321 70 54
2499 9 585 30 728 168 143 138
2500 9 74 273 243 404 169 131
2501 9 833 61 1012 162 179 101
2502 9 387 155 519 302 132 147
2503 9 531 122 660 245 129 123
2504 9 341 52 598 206 257 154
2505 9 319 358 542 500 223 142
2506 4 505 80 603 164 98 84
2507 5 530 230 602 316 72 86
2508 5 484 246 553 330 69 84
2509 5 436 260 505 346 69 86
2510 5 388 275 457 361 69 86
2511 6 266 286 370 359 104 73
2512 6 164 317 264 386 100 69
2513 9 45 118 167 216 122 98
2514 9 845 118 944 265 99 147
2515 4 108 199 179 246 71 47
2516 4 258 284 319 336 61 52
2517 4 525 332 593 399 68 67
2518 7 129 330 352 492 223 162
2519 9 108 287 351 422 243 135
2520 9 818 58 934 232 116 174
2521 9 287 17 537 107 250 90
2522 9 285 280 545 361 260 81
2523 9 315 417 533 499 218 82
2524 9 56 117 215 239 159 122
2525 9 611 38 694 183 83 145
2526 9 953 46 1092 182 139 136
2527 9 418 76 613 129 195 53
2528 9 452 437 669 545 217 108
2529 9 82 206 218 373 136 167
2530 9 555 104 667 296 112 192
2531 9 1115 169 1189 342 74 173
2532 1 102 380 163 433 61 53
2533 1 87 519 159 574 72 55
2534 1 188 383 252 444 64 61
2535 1 284 372 340 431 56 59
2536 1 202 223 252 274 50 51
2537 1 279 173 337 228 58 55
2538 1 394 84 444 128 50 44
2539 1 598 22 663 69 65 47
2540 1 585 139 654 194 69 55
2541 1 697 177 745 229 48 52
2542 1 796 160 854 216 58 56
2543 1 727 349 794 415 67 66
2544 1 939 233 1000 287 61 54
2545 1 914 304 983 357 69 53
2546 7 272 58 478 290 206 232
2547 4 629 164 728 234 99 70
2548 7 278 77 540 337 262 260
2549 4 143 448 210 516 67 68
2550 4 260 428 317 486 57 58
2551 4 749 385 893 508 144 123
2552 5 335 274 395 330 60 56
2553 5 364 292 424 348 60 56
2554 5 393 308 454 367 61 59
2555 5 414 196 469 247 55 51
2556 5 443 211 496 263 53 52
2557 5 472 229 528 279 56 50
2558 7 40 18 403 249 363 231
2559 4 462 190 557 270 95 80
2560 6 672 144 732 211 60 67
2561 6 691 214 784 260 93 46
2562 6 250 200 290 248 40 48
2563 6 292 200 332 250 40 50
2564 4 199 335 264 402 65 67
2565 4 359 248 456 329 97 81
2566 7 476 127 756 304 280 177
2567 1 68 289 133 347 65 58
2568 1 271 202 319 255 48 53
2569 1 302 18 350 69 48 51
2570 1 381 15 429 64 48 49
2571 1 706 97 764 148 58 51
2572 1 591 351 653 402 62 51
2573 1 830 308 899 365 69 57
2574 1 861 393 944 455 83 62
2575 1 811 455 883 536 72 81
2576 4 236 173 309 232 73 59
2577 4 264 379 388 479 124 100
2578 7 340 42 566 295 226 253
2579 4 318 111 402 176 84 65
2580 4 348 267 433 342 85 75
2581 4 209 291 296 370 87 79
2582 7 84 113 292 355 208 242
2583 4 402 174 455 219 53 45
2584 4 475 177 518 215 43 38
2585 4 388 236 460 297 72 61
2586 4 478 226 549 291 71 65
2587 4 174 157 256 223 82 66
2588 4 435 92 543 184 108 92
2589 4 241 313 318 380 77 67
2590 4 502 315 574 380 72 65
2591 6 28 322 75 388 47 66
2592 6 67 323 113 387 46 64
2593 7 603 15 830 104 227 89
2594 4 603 38 675 102 72 64
2595 4 745 127 809 190 64 63
2596 4 470 98 552 169 82 71
2597 4 412 265 494 339 82 74
2598 4 125 265 260 399 135 134
2599 4 63 188 131 252 68 64
2600 7 57 27 294 133 237 106
2601 9 378 95 553 180 175 85
2602 9 436 323 551 394 115 71
2603 4 210 199 287 263 77 64
2604 4 400 241 448 282 48 41
2605 4 655 40 734 100 79 60
2606 4 730 126 791 171 61 45
2607 4 57 348 117 398 60 50
2608 9 260 132 385 206 125 74
2609 4 107 138 225 242 118 104
2610 4 305 149 399 224 94 75
2611 4 583 186 669 260 86 74
2612 5 452 167 527 203 75 36
2613 5 453 200 527 235 74 35
2614 5 453 235 526 270 73 35
2615 5 454 269 529 305 75 36
2616 5 453 305 529 340 76 35
2617 4 551 108 655 181 104 73
2618 4 83 42 141 96 58 54
2619 7 283 200 613 530 330 330
2620 7 73 107 289 366 216 259
2621 4 423 243 516 322 93 79
2622 5 364 135 391 179 27 44
2623 5 338 141 367 182 29 41
2624 5 314 147 341 189 27 42
2625 5 289 154 318 198 29 44
2626 7 363 172 740 325 377 153
2627 4 508 29 586 93 78 64
2628 4 676 13 774 87 98 74
2629 4 934 279 1012 350 78 71
2630 4 234 186 298 244 64 58
2631 4 112 368 218 461 106 93
2632 5 741 201 800 229 59 28
2633 5 748 224 804 251 56 27
2634 5 755 244 813 277 58 33
2635 5 763 271 822 301 59 30
2636 7 241 78 425 406 184 328
2637 4 806 275 927 391 121 116
2638 5 432 180 512 268 80 88
2639 5 386 207 465 296 79 89
2640 6 506 286 616 395 110 109
2641 6 445 319 554 436 109 117
2642 6 252 174 316 262 64 88
2643 5 462 166 511 252 49 86
2644 5 516 166 570 250 54 84
2645 5 569 166 626 251 57 85
2646 5 624 165 683 251 59 86
2647 4 310 125 393 199 83 74
2648 4 335 211 388 257 53 46
2649 4 154 176 237 246 83 70
2650 4 221 251 272 302 51 51
2651 4 319 312 370 361 51 49
2652 7 304 120 573 406 269 286
2653 7 211 104 425 383 214 279
2654 7 317 58 477 325 160 267
2655 4 222 77 286 131 64 54
2656 4 455 175 531 237 76 62
2657 4 557 135 663 225 106 90
2658 4 580 250 656 314 76 64
2659 4 476 267 549 334 73 67
2660 4 233 209 314 276 81 67
2661 4 240 314 364 423 124 109
2662 4 627 376 683 432 56 56
2663 6 292 201 386 240 94 39
2664 6 290 236 387 275 97 39
2665 9 296 16 352 86 56 70
2666 9 653 36 680 111 27 75
2667 7 250 86 410 368 160 282
2668 5 313 150 348 208 35 58
2669 5 351 154 388 209 37 55
2670 5 390 155 426 210 36 55
2671 5 296 228 333 288 37 60
2672 5 337 231 371 290 34 59
2673 5 376 233 411 292 35 59
2674 5 570 258 605 323 35 65
2675 5 604 261 642 324 38 63
2676 6 648 275 692 335 44 60
2677 7 114 126 627 366 513 240
2678 6 841 147 932 188 91 41
2679 6 852 186 948 230 96 44
2680 5 878 238 959 275 81 37
2681 5 890 284 973 321 83 37
2682 5 395 126 485 205 90 79
2683 6 298 191 415 289 117 98
2684 7 373 40 832 405 459 365
2685 6 318 338 370 415 52 77
2686 6 274 336 326 418 52 82
2687 6 230 338 282 418 52 80
2688 6 185 338 239 418 54 80
2689 4 624 78 713 149 89 71
2690 4 802 111 864 157 62 46
2691 4 320 75 381 124 61 49
2692 7 220 134 393 410 173 276
2693 4 691 143 811 248 120 105
2694 5 315 266 363 343 48 77
2695 5 267 263 317 340 50 77
2696 5 221 261 266 340 45 79
2697 6 163 256 226 342 63 86
2698 5 170 313 209 381 39 68
2699 5 212 314 252 382 40 68
2700 5 137 447 179 523 42 76
2701 5 181 449 226 524 45 75
2702 6 498 169 576 211 78 42
2703 6 521 70 571 131 50 61
2704 6 611 23 683 61 72 38
2705 6 608 59 681 100 73 41
2706 4 364 164 446 234 82 70
2707 4 158 130 355 297 197 167
2708 5 424 159 485 247 61 88
2709 5 477 173 546 263 69 90
2710 6 537 194 617 292 80 98
2711 6 604 207 685 309 81 102
2712 8 81 106 162 203 81 97
2713 8 194 106 264 199 70 93
2714 8 304 100 371 184 67 84
2715 8 394 97 453 190 59 93
2716 8 488 104 546 192 58 88
2717 8 649 100 734 212 85 112
2718 8 795 110 874 214 79 104
2719 8 925 113 1006 220 81 107
2720 7 538 56 741 405 203 349
2721 4 125 219 240 323 115 104
2722 7 165 86 509 315 344 229
2723 7 26 79 212 391 186 312
2724 5 78 4 108 50 30 46
2725 5 51 2 82 49 31 47
2726 5 23 3 55 49 32 46
2727 9 446 242 784 458 338 216
2728 4 559 120 665 202 106 82
2729 4 697 144 787 222 90 78
2730 4 494 283 607 381 113 98
2731 4 85 269 212 383 127 114
2732 6 419 171 479 244 60 73
2733 5 322 167 405 205 83 38
2734 5 318 205 404 242 86 37
2735 5 207 167 294 201 87 34
2736 5 201 203 288 239 87 36
2737 7 496 81 727 401 231 320
2738 4 352 231 435 303 83 72
2739 4 431 389 518 470 87 81
2740 4 83 268 195 369 112 101
2741 7 236 73 380 375 144 302
2742 4 405 305 497 394 92 89
2743 4 254 378 320 442 66 64
2744 4 647 67 760 171 113 104
2745 7 177 15 485 380 308 365
2746 6 370 191 475 254 105 63
2747 6 363 244 468 307 105 63
2748 7 256 148 581 268 325 120
2749 4 582 50 664 109 82 59
2750 4 256 84 329 144 73 60
2751 4 53 139 139 203 86 64
2752 4 713 184 793 246 80 62
2753 9 148 83 437 174 289 91
2754 9 192 233 394 324 202 91
2755 7 295 35 550 293 255 258
2756 4 455 319 556 416 101 97
2757 5 302 94 343 161 41 67
2758 5 349 97 389 161 40 64
2759 5 395 98 434 163 39 65
2760 5 440 99 483 167 43 68
2761 5 337 191 379 264 42 73
2762 5 385 192 428 264 43 72
2763 5 434 194 478 268 44 74
2764 5 483 195 525 269 42 74
2765 5 528 197 573 273 45 76
2766 5 359 299 406 378 47 79
2767 5 407 301 453 381 46 80
2768 5 450 302 497 382 47 80
2769 6 515 291 624 351 109 60
2770 4 547 39 618 94 71 55
2771 4 640 272 776 385 136 113
2772 7 223 71 559 352 336 281
2773 7 290 31 575 308 285 277
2774 5 277 161 322 244 45 83
2775 5 325 164 374 247 49 83
2776 5 377 167 426 250 49 83
2777 6 443 165 508 264 65 99
2778 4 719 122 799 196 80 74
2779 4 723 275 826 372 103 97
2780 7 390 69 637 396 247 327
2781 4 716 23 844 112 128 89
2782 6 399 115 448 186 49 71
2783 6 348 115 401 189 53 74
2784 4 289 361 397 457 108 96
2785 7 159 80 364 469 205 389
2786 4 478 283 551 354 73 71
2787 4 399 20 478 82 79 62
2788 4 458 164 551 243 93 79
2789 4 635 423 711 493 76 70
2790 7 256 84 429 381 173 297
