001
003
004
005
007
008
009
012
013
016
017
018
021
022
023
025
027
028
030
031
032
033
034
035
036
037
038
039
041
042
043
045
047
048
050
051
052
053
056
058
059
060
062
064
065
066
067
068
069
073
074
075
076
077
079
081
082
084
086
088
089
090
093
094
096
097
098
100
101
103
104
106
108
109
110
111
113
115
117
119
121
122
123
124
126
129
130
131
132
134
137
138
139
140
142
143
144
145
147
148
149
151
152
154
156
157
158
159
160
161
163
164
165
166
167
169
170
174
175
177
178
179
182
185
186
188
189
190
191
192
194
195
197
199
200
202
204
206
208
209
210
211
212
213
214
215
217
220
222
223
224
225
226
228
230
231
233
235
238
239
240
242
243
244
245
246
247
248
250
251
252
253
254
257
258
259
262
264
266
267
268
271
272
273
274
275
276
277
279
280
281
282
285
286
287
289
290
293
294
297
298
299
300
301
302
305
308
309
310
311
312
314
315
316
317
320
321
322
323
325
326
327
328
330
331
332
333
335
336
337
340
341
343
346
348
350
351
352
353
354
355
357
358
359
360
361
362
364
365
367
368
369
370
371
372
373
374
375
376
377
378
379
380
381
382
383
384
385
386
387
388
389
391
392
393
395
396
398
399
400
401
402
405
406
407
408
411
414
418
420
422
423
424
425
426
428
429
431
432
433
437
438
439
440
441
442
443
445
446
447
448
449
450
451
452
453
454
456
457
458
459
462
463
464
465
467
468
469
471
472
473
474
475
478
480
481
482
483
484
485
486
488
494
495
497
498
501
502
503
505
506
508
509
513
514
516
517
518
519
521
522
523
524
525
526
527
529
530
531
532
533
535
536
537
538
539
540
542
543
544
545
547
548
549
550
552
553
554
555
556
557
558
559
561
562
563
566
567
568
569
571
572
574
575
576
577
579
580
581
583
584
585
586
587
588
589
591
593
596
598
600
601
602
603
604
606
607
609
610
612
614
615
618
619
624
625
627
628
631
632
633
634
636
637
638
639
640
641
642
643
644
646
647
648
